addr_county_code,STNAME,CTYNAME,TOTAL 0-9 years,MALE 0-9 years,FEMALE 0-9 years,TOTAL Gen Z (10-25),MALE Gen Z (10-25),FEMALE GEN Z (10-25),TOTAL Millenials (26-41),MALE Millenials (26-41),FEMALE Millenials (26-41),TOTAL Gen X (42-57),MALE Gen X (42-57),FEMALE Gen X (42-57),TOTAL Boomers II (58-67),MALE Boomers II (58-67),FEMALE Boomers II (58-67),TOTAL Boomers I (68-76),MALE Boomers I (68-76),FEMALE Boomers I (68-76),TOTAL Post War/WWII (77+),MALE Post War/WWII (77+),FEMALE Post War/WWII (77+)
1001,Alabama,Autauga County,6840,3524,3316,10602,5401,5201,11201,5467,5734,15004,7269,7735,6231,2942,3289,2386,1032,1354,3866,1596,2270
1003,Alabama,Baldwin County,25448,13193,12255,38883,19540,19343,38906,19089,19817,59012,28264,30748,32329,14870,17459,13806,6532,7274,19605,8932,10673
1005,Alabama,Barbour County,2666,1332,1334,4379,2371,2008,4969,3016,1953,6150,3392,2758,3009,1432,1577,1406,619,787,2073,856,1217
1007,Alabama,Bibb County,2431,1228,1203,3770,2091,1679,4819,2851,1968,6038,3277,2761,2531,1234,1297,1047,492,555,1563,634,929
1009,Alabama,Blount County,7064,3625,3439,10621,5408,5213,10432,5221,5211,15149,7575,7574,7017,3437,3580,3066,1407,1659,4583,1963,2620
1011,Alabama,Bullock County,1165,564,601,1701,954,747,2191,1389,802,2524,1455,1069,1306,669,637,430,187,243,733,281,452
1013,Alabama,Butler County,2291,1178,1113,3521,1855,1666,3408,1614,1794,4744,2076,2668,2702,1245,1457,991,457,534,1868,666,1202
1015,Alabama,Calhoun County,13033,6631,6402,22049,11204,10845,21547,10532,11015,28267,13664,14603,14778,6824,7954,5701,2553,3148,8329,3260,5069
1017,Alabama,Chambers County,3730,1905,1825,5577,2845,2732,6025,2893,3132,8497,4068,4429,4519,2101,2418,1821,834,987,2820,1094,1726
1019,Alabama,Cherokee County,2531,1288,1243,4227,2117,2110,4097,2081,2016,6906,3463,3443,4129,2028,2101,1841,925,916,2588,1135,1453
1021,Alabama,Chilton County,5629,2829,2800,8430,4239,4191,8210,4098,4112,11483,5700,5783,5477,2604,2873,2076,955,1121,3112,1341,1771
1023,Alabama,Choctaw County,1302,637,665,2045,1061,984,1953,946,1007,3211,1516,1695,1835,824,1011,773,342,431,1350,573,777
1025,Alabama,Clarke County,2643,1315,1328,4248,2127,2121,3981,1916,2065,6012,2800,3212,3061,1423,1638,1225,586,639,2228,893,1335
1027,Alabama,Clay County,1447,742,705,2252,1189,1063,2204,1034,1170,3493,1715,1778,1760,851,909,718,348,370,1278,526,752
1029,Alabama,Cleburne County,1862,937,925,2595,1353,1242,2608,1304,1304,3926,1982,1944,1866,875,991,831,384,447,1288,528,760
1031,Alabama,Coffee County,6687,3460,3227,10039,5170,4869,10222,5166,5056,13600,6789,6811,6129,2841,3288,2596,1240,1356,3887,1550,2337
1033,Alabama,Colbert County,6350,3214,3136,9414,4729,4685,10402,5147,5255,14071,6752,7319,7283,3389,3894,2974,1327,1647,4908,1963,2945
1035,Alabama,Conecuh County,1339,649,690,1981,1003,978,1889,927,962,2947,1361,1586,1736,827,909,781,378,403,1251,551,700
1037,Alabama,Coosa County,937,487,450,1478,773,705,1671,876,795,2989,1455,1534,1820,931,889,698,332,366,1088,501,587
1039,Alabama,Covington County,4419,2258,2161,6223,3183,3040,6383,3129,3254,9139,4435,4704,5116,2460,2656,2108,976,1132,3605,1417,2188
1041,Alabama,Crenshaw County,1644,874,770,2473,1276,1197,2438,1176,1262,3455,1661,1794,1825,887,938,785,354,431,1093,440,653
1043,Alabama,Cullman County,10315,5258,5057,14913,7658,7255,15870,8002,7868,21538,10828,10710,10623,5107,5516,4457,2069,2388,6628,2780,3848
1045,Alabama,Dale County,6409,3276,3133,9045,4759,4286,10158,5100,5058,11495,5484,6011,5981,2890,3091,2315,1058,1257,3673,1501,2172
1047,Alabama,Dallas County,4395,2211,2184,7221,3672,3549,6195,2792,3403,8804,3913,4891,5066,2296,2770,1929,885,1044,2814,1065,1749
1049,Alabama,DeKalb County,8885,4630,4255,14148,7295,6853,12663,6411,6252,18589,9276,9313,8580,4178,4402,3621,1685,1936,5178,2128,3050
1051,Alabama,Elmore County,9635,4989,4646,15103,7770,7333,16899,8047,8852,21712,10280,11432,9721,4565,5156,3710,1725,1985,5268,2218,3050
1053,Alabama,Escambia County,4432,2191,2241,6492,3303,3189,7144,3963,3181,9215,4849,4366,4363,2024,2339,1749,768,981,2966,1147,1819
1055,Alabama,Etowah County,11859,6182,5677,18346,9417,8929,18661,9084,9577,26499,12825,13674,13470,6352,7118,5673,2569,3104,7974,3178,4796
1057,Alabama,Fayette County,1847,921,926,2803,1476,1327,2787,1378,1409,4109,2049,2060,2222,1041,1181,930,414,516,1548,657,891
1059,Alabama,Franklin County,4343,2225,2118,6025,3111,2914,5821,3004,2817,7966,4061,3905,3658,1757,1901,1450,695,755,2278,939,1339
1061,Alabama,Geneva County,2996,1508,1488,4576,2345,2231,4499,2211,2288,6844,3378,3466,3600,1726,1874,1524,736,788,2363,962,1401
1063,Alabama,Greene County,935,470,465,1392,685,707,1331,653,678,1805,820,985,1274,589,685,494,212,282,803,313,490
1065,Alabama,Hale County,1911,1002,909,2664,1321,1343,2609,1236,1373,3472,1576,1896,2010,943,1067,758,377,381,1249,474,775
1067,Alabama,Henry County,1821,945,876,2880,1490,1390,2796,1341,1455,4437,2147,2290,2477,1145,1332,1148,552,596,1644,655,989
1069,Alabama,Houston County,13218,6862,6356,19262,9815,9447,20471,9764,10707,26810,12707,14103,13139,6053,7086,5274,2422,2852,8368,3328,5040
1071,Alabama,Jackson County,5602,2899,2703,8835,4598,4237,8812,4360,4452,13628,6734,6894,7327,3545,3782,2932,1347,1585,4506,1866,2640
1073,Alabama,Jefferson County,83341,42503,40838,123020,61081,61939,139150,66456,72694,159564,75162,84402,79193,35707,43486,28477,12541,15936,43784,16429,27355
1075,Alabama,Lamar County,1577,807,770,2379,1261,1118,2219,1073,1146,3514,1751,1763,1890,926,964,819,384,435,1392,566,826
1077,Alabama,Lauderdale County,9701,4968,4733,19147,9366,9781,16424,8180,8244,22265,10783,11482,12323,5738,6585,5163,2373,2790,8308,3323,4985
1079,Alabama,Lawrence County,3722,1907,1815,5748,2949,2799,5870,2875,2995,8898,4354,4544,4249,2017,2232,1768,824,944,2608,1096,1512
1081,Alabama,Lee County,19007,9803,9204,44886,23041,21845,33662,16547,17115,38642,18631,20011,16166,7573,8593,6013,2834,3179,8084,3390,4694
1083,Alabama,Limestone County,11694,5887,5807,18456,9426,9030,20330,10501,9829,28550,14509,14041,11661,5658,6003,4415,2029,2386,6379,2685,3694
1085,Alabama,Lowndes County,1187,619,568,1683,823,860,1729,831,898,2401,1100,1301,1311,596,715,492,213,279,850,331,519
1087,Alabama,Macon County,1724,886,838,4470,2071,2399,2870,1324,1546,3871,1724,2147,2430,1080,1350,1024,463,561,1553,591,962
1089,Alabama,Madison County,44535,22723,21812,72042,36534,35508,78866,39808,39058,98523,47644,50879,43955,21200,22755,15328,6898,8430,24645,10105,14540
1091,Alabama,Marengo County,2231,1123,1108,3417,1716,1701,3307,1565,1742,4660,2126,2534,2490,1181,1309,1022,460,562,1666,661,1005
1093,Alabama,Marion County,3269,1677,1592,5065,2697,2368,5071,2527,2544,7887,3994,3893,3808,1845,1963,1705,777,928,2944,1217,1727
1095,Alabama,Marshall County,13478,6898,6580,18520,9543,8977,17737,8986,8751,24070,11967,12103,11514,5467,6047,4516,2064,2452,7116,2839,4277
1097,Alabama,Mobile County,53381,26942,26439,78766,39470,39296,83645,39786,43859,99966,47114,52852,50162,23333,26829,18845,8392,10453,28354,11273,17081
1099,Alabama,Monroe County,2163,1131,1032,3811,1954,1857,3308,1566,1742,5241,2435,2806,2986,1372,1614,1101,529,572,1910,750,1160
1101,Alabama,Montgomery County,29917,15191,14726,44440,22264,22176,47133,22420,24713,53941,24873,29068,25979,11360,14619,9296,4134,5162,14425,5576,8849
1103,Alabama,Morgan County,14626,7439,7187,22102,11384,10718,21902,11014,10888,31379,15601,15778,14937,7083,7854,5764,2543,3221,9152,3831,5321
1105,Alabama,Perry County,949,485,464,2069,1062,1007,1375,639,736,1939,867,1072,1132,502,630,436,192,244,854,316,538
1107,Alabama,Pickens County,2053,1079,974,3444,1907,1537,3905,2038,1867,5138,2477,2661,2583,1253,1330,1014,463,551,1684,701,983
1109,Alabama,Pike County,3539,1846,1693,9912,4762,5150,5757,2972,2785,6715,3089,3626,3391,1555,1836,1402,666,736,2260,915,1345
1111,Alabama,Randolph County,2599,1289,1310,4066,2097,1969,3699,1785,1914,5923,2895,3028,3202,1568,1634,1321,628,693,2072,840,1232
1113,Alabama,Russell County,7967,4004,3963,10619,5372,5247,12718,6082,6636,14489,6937,7552,6693,3086,3607,2285,972,1313,3425,1315,2110
1115,Alabama,St. Clair County,10773,5524,5249,15777,8232,7545,17911,9074,8837,24258,11980,12278,11093,5199,5894,4370,2021,2349,6306,2684,3622
1117,Alabama,Shelby County,25907,13039,12868,42988,21572,21416,41455,20029,21426,60497,29395,31102,25816,12089,13727,9978,4550,5428,14023,5910,8113
1119,Alabama,Sumter County,1350,683,667,3141,1452,1689,1957,960,997,2553,1128,1425,1647,770,877,559,257,302,1056,358,698
1121,Alabama,Talladega County,8699,4466,4233,14814,7077,7737,15141,7562,7579,20732,10101,10631,10575,4988,5587,4177,1964,2213,5937,2438,3499
1123,Alabama,Tallapoosa County,4433,2264,2169,6609,3377,3232,6687,3220,3467,10142,4859,5283,6136,2951,3185,2527,1190,1337,3658,1622,2036
1125,Alabama,Tuscaloosa County,24750,12552,12198,53185,26119,27066,43878,21542,22336,47560,22735,24825,22234,10325,11909,7816,3550,4266,11313,4424,6889
1127,Alabama,Walker County,7806,3987,3819,11033,5631,5402,11094,5555,5539,16219,8013,8206,8469,3985,4484,3475,1529,1946,5181,2124,3057
1129,Alabama,Washington County,1806,895,911,2902,1509,1393,2712,1352,1360,4177,2031,2146,2193,1023,1170,904,435,469,1356,586,770
1131,Alabama,Wilcox County,1296,634,662,1995,1022,973,1716,839,877,2421,1063,1358,1366,654,712,573,275,298,885,332,553
1133,Alabama,Winston County,2496,1301,1195,3973,2003,1970,3759,1848,1911,6274,3204,3070,3282,1610,1672,1443,668,775,2325,953,1372
2013,Alaska,Aleutians East Borough,128,56,72,422,299,123,834,635,199,1447,964,483,332,195,137,110,57,53,146,88,58
2016,Alaska,Aleutians West Census Area,372,197,175,757,462,295,1525,1070,455,2212,1524,688,648,415,233,133,84,49,72,36,36
2020,Alaska,Anchorage Municipality,39572,20105,19467,56707,30445,26262,71364,36837,34527,68730,34525,34205,29689,14644,15045,9524,4708,4816,12120,5254,6866
2050,Alaska,Bethel Census Area,3949,2067,1882,4543,2310,2233,3951,2047,1904,3685,1987,1698,1502,806,696,398,207,191,459,193,266
2060,Alaska,Bristol Bay Borough,109,57,52,111,54,57,174,82,92,207,116,91,130,70,60,38,23,15,54,25,29
2063,Alaska,Chugach Census Area,841,430,411,1069,562,507,1372,726,646,1696,932,764,977,516,461,265,145,120,244,110,134
2066,Alaska,Copper River Census Area,403,200,203,553,296,257,538,279,259,647,347,300,428,236,192,168,103,65,184,93,91
2068,Alaska,Denali Borough,196,95,101,301,177,124,535,302,233,676,340,336,264,160,104,55,36,19,72,42,30
2070,Alaska,Dillingham Census Area,919,450,469,1069,569,500,1070,548,522,999,513,486,518,271,247,119,65,54,173,84,89
2090,Alaska,Fairbanks North Star Borough,13500,6933,6567,21364,12362,9002,24815,13744,11071,20156,10485,9671,9539,4865,4674,3201,1730,1471,3478,1651,1827
2100,Alaska,Haines Borough,236,118,118,385,195,190,427,223,204,675,338,337,488,257,231,188,93,95,190,80,110
2105,Alaska,Hoonah-Angoon Census Area,217,106,111,293,143,150,330,191,139,587,314,273,392,200,192,158,96,62,180,117,63
2110,Alaska,Juneau City and Borough,3650,1910,1740,5621,2877,2744,7284,3725,3559,8505,4379,4126,4004,1995,2009,1358,711,647,1502,660,842
2122,Alaska,Kenai Peninsula Borough,7174,3739,3435,10261,5436,4825,11344,5986,5358,14516,7535,6981,9103,4668,4435,3136,1632,1504,3766,1910,1856
2130,Alaska,Ketchikan Gateway Borough,1552,796,756,2445,1276,1169,2915,1492,1423,3512,1814,1698,1901,953,948,639,326,313,831,394,437
2150,Alaska,Kodiak Island Borough,1842,1026,816,2472,1342,1130,3268,1708,1560,3030,1610,1420,1478,814,664,445,229,216,516,219,297
2158,Alaska,Kusilvak Census Area,2145,1139,1006,2191,1175,1016,1722,941,781,1413,750,663,574,310,264,154,69,85,156,56,100
2164,Alaska,Lake and Peninsula Borough,244,121,123,319,149,170,296,151,145,373,206,167,164,84,80,53,29,24,59,29,30
2170,Alaska,Matanuska-Susitna Borough,15379,7872,7507,21996,11696,10300,23702,12376,11326,27340,14304,13036,13032,6623,6409,3873,1927,1946,4472,2176,2296
2180,Alaska,Nome Census Area,1998,1000,998,2417,1296,1121,2177,1134,1043,2043,1088,955,824,448,376,238,150,88,244,112,132
2185,Alaska,North Slope Borough,1522,778,744,1816,971,845,2200,1422,778,2547,1787,760,837,545,292,179,100,79,204,91,113
2188,Alaska,Northwest Arctic Borough,1649,871,778,1830,944,886,1646,908,738,1576,907,669,557,314,243,152,75,77,232,105,127
2195,Alaska,Petersburg Borough,399,184,215,540,276,264,611,295,316,822,445,377,499,268,231,180,101,79,231,122,109
2198,Alaska,Prince of Wales-Hyder Census Area,720,400,320,1082,594,488,1073,553,520,1603,897,706,995,543,452,347,202,145,338,197,141
2220,Alaska,Sitka City and Borough,881,457,424,1459,792,667,1835,935,900,2189,1133,1056,1137,568,569,373,189,184,539,234,305
2230,Alaska,Skagway Municipality,106,54,52,112,55,57,351,183,168,338,177,161,155,91,64,42,21,21,69,32,37
2240,Alaska,Southeast Fairbanks Census Area,1039,507,532,1193,627,566,1398,795,603,1722,994,728,884,484,400,303,172,131,367,196,171
2275,Alaska,Wrangell City and Borough,258,117,141,375,203,172,394,216,178,571,296,275,487,263,224,176,104,72,237,116,121
2282,Alaska,Yakutat City and Borough,77,35,42,83,41,42,121,71,50,159,90,69,88,56,32,35,19,16,46,28,18
2290,Alaska,Yukon-Koyukuk Census Area,825,399,426,1023,534,489,950,509,441,1109,592,517,706,388,318,233,127,106,270,147,123
4001,Arizona,Apache County,9872,4972,4900,15642,7783,7859,13621,7149,6472,16433,8097,8336,8495,3957,4538,3072,1471,1601,4794,2061,2733
4003,Arizona,Cochise County,14683,7379,7304,22869,12231,10638,23728,13008,10720,27441,13777,13664,17604,8271,9333,8142,3980,4162,13048,6155,6893
4005,Arizona,Coconino County,15362,7880,7482,41762,19828,21934,28686,14884,13802,29319,14612,14707,15516,7426,8090,5317,2685,2632,6967,3080,3887
4007,Arizona,Gila County,5811,2997,2814,8065,4161,3904,8068,4107,3961,11345,5571,5774,9525,4556,4969,4585,2283,2302,6900,3306,3594
4009,Arizona,Graham County,5618,2890,2728,8780,4719,4061,8506,5035,3471,8645,4738,3907,3769,1821,1948,1483,716,767,2339,1032,1307
4011,Arizona,Greenlee County,1425,709,716,1910,1013,897,2080,1103,977,2150,1151,999,942,497,445,303,166,137,553,221,332
4012,Arizona,La Paz County,1854,927,927,2708,1480,1228,2721,1330,1391,3822,1898,1924,3107,1482,1625,2258,1146,1112,4974,2723,2251
4013,Arizona,Maricopa County,567429,289951,277478,911504,464983,446521,978460,497321,481139,1124047,554277,569770,475882,223183,252699,195174,89335,105839,307764,135187,172577
4015,Arizona,Mohave County,18779,9626,9153,29530,15348,14182,32259,17199,15060,47852,23652,24200,38970,18762,20208,19141,9581,9560,30008,15042,14966
4017,Arizona,Navajo County,15235,7795,7440,22590,11671,10919,19973,10534,9439,24739,12229,12510,14865,7035,7830,6025,2917,3108,8459,3939,4520
4019,Arizona,Pima County,116046,59154,56892,221484,112487,108997,200993,104138,96855,234306,114473,119833,131389,60580,70809,58995,27520,31475,95792,42401,53391
4021,Arizona,Pinal County,55310,27818,27492,86272,45923,40349,94445,52861,41584,109044,57343,51701,58967,27281,31686,30050,14238,15812,42261,20883,21378
4023,Arizona,Santa Cruz County,6596,3381,3215,10007,5058,4949,7908,3815,4093,10520,4918,5602,5577,2501,3076,2439,1172,1267,3777,1718,2059
4025,Arizona,Yavapai County,19675,10185,9490,32905,17292,15613,32429,16617,15812,51807,24825,26982,47280,21430,25850,22712,11145,11567,32536,15502,17034
4027,Arizona,Yuma County,30469,15511,14958,47012,25773,21239,43212,23737,19475,42580,21106,21474,20789,9982,10807,10619,5014,5605,22393,10842,11551
5001,Arkansas,Arkansas County,2293,1176,1117,2927,1472,1455,2997,1405,1592,4413,2141,2272,2402,1166,1236,924,465,459,1480,588,892
5003,Arkansas,Ashley County,2351,1229,1122,3487,1767,1720,3136,1526,1610,5010,2369,2641,2529,1245,1284,1105,503,602,1861,795,1066
5005,Arkansas,Baxter County,3831,1999,1832,6094,3146,2948,6067,3014,3053,9572,4569,5003,6873,3201,3672,3442,1588,1854,6370,2952,3418
5007,Arkansas,Benton County,40298,20792,19506,57004,28933,28071,64887,33135,31752,70323,35268,35055,27244,12893,14351,10603,4848,5755,16341,7020,9321
5009,Arkansas,Boone County,4564,2367,2197,6624,3454,3170,6566,3319,3247,9304,4579,4725,4815,2258,2557,2164,1037,1127,3632,1545,2087
5011,Arkansas,Bradley County,1391,702,689,1997,1004,993,1886,965,921,2648,1279,1369,1329,635,694,513,242,271,927,366,561
5013,Arkansas,Calhoun County,491,254,237,834,449,385,912,488,424,1348,695,653,750,378,372,300,142,158,491,198,293
5015,Arkansas,Carroll County,3276,1663,1613,4911,2517,2394,4517,2323,2194,6734,3368,3366,4285,2059,2226,1911,936,975,2721,1238,1483
5017,Arkansas,Chicot County,1136,595,541,1866,1018,848,1596,921,675,2396,1191,1205,1489,718,771,497,199,298,1028,393,635
5019,Arkansas,Clark County,2325,1194,1131,6762,3220,3542,3466,1727,1739,4580,2153,2427,2406,1145,1261,955,442,513,1702,693,1009
5021,Arkansas,Clay County,1644,823,821,2477,1264,1213,2480,1267,1213,3656,1845,1811,1869,884,985,836,379,457,1457,604,853
5023,Arkansas,Cleburne County,2360,1187,1173,3834,1980,1854,3739,1901,1838,6108,3039,3069,3898,1864,2034,1778,862,916,3270,1474,1796
5025,Arkansas,Cleveland County,824,413,411,1445,728,717,1323,675,648,2090,1020,1070,1070,530,540,497,236,261,715,311,404
5027,Arkansas,Columbia County,2714,1404,1310,6246,3172,3074,3824,1838,1986,5042,2390,2652,2655,1271,1384,1010,460,550,1900,726,1174
5029,Arkansas,Conway County,2633,1346,1287,3590,1818,1772,3711,1859,1852,5323,2615,2708,2853,1401,1452,1045,487,558,1874,813,1061
5031,Arkansas,Craighead County,15484,7996,7488,24407,12430,11977,24510,11831,12679,25788,12502,13286,10965,5009,5956,4129,1837,2292,6648,2602,4046
5033,Arkansas,Crawford County,8057,4062,3995,12100,6165,5935,11754,5844,5910,16160,7987,8173,7760,3759,4001,2937,1372,1565,4692,2005,2687
5035,Arkansas,Crittenden County,7124,3643,3481,9981,5016,4965,9224,4315,4909,11559,5366,6193,5272,2404,2868,1795,812,983,2781,1100,1681
5037,Arkansas,Cross County,2076,1042,1034,2898,1518,1380,2926,1396,1530,4131,2029,2102,1964,943,1021,864,396,468,1345,561,784
5039,Arkansas,Dallas County,711,387,324,1195,641,554,1083,552,531,1635,799,836,1058,538,520,399,168,231,763,285,478
5041,Arkansas,Desha County,1517,798,719,2195,1029,1166,1887,836,1051,2549,1175,1374,1577,760,817,574,250,324,892,365,527
5043,Arkansas,Drew County,2204,1202,1002,4065,2065,2000,3258,1608,1650,4124,1933,2191,2091,1024,1067,786,367,419,1500,594,906
5045,Arkansas,Faulkner County,15421,7944,7477,31881,15635,16246,26289,13022,13267,29566,14454,15112,12219,5750,6469,4659,2134,2525,6664,2762,3902
5047,Arkansas,Franklin County,2053,1078,975,3382,1859,1523,3059,1527,1532,4509,2219,2290,2325,1129,1196,899,423,476,1640,693,947
5049,Arkansas,Fulton County,1329,668,661,2054,1078,976,1805,900,905,2949,1437,1512,1936,937,999,869,412,457,1494,674,820
5051,Arkansas,Garland County,10677,5544,5133,16121,8297,7824,16961,8246,8715,24117,11534,12583,14728,6770,7958,6526,2988,3538,10656,4654,6002
5053,Arkansas,Grant County,2093,1051,1042,3311,1690,1621,3443,1725,1718,4897,2452,2445,2278,1107,1171,905,430,475,1494,636,858
5055,Arkansas,Greene County,5935,3052,2883,8786,4482,4304,8950,4489,4461,11714,5828,5886,4955,2352,2603,2008,926,1082,3215,1297,1918
5057,Arkansas,Hempstead County,3005,1576,1429,4092,2064,2028,3603,1682,1921,5127,2465,2662,2684,1306,1378,1023,453,570,1822,782,1040
5059,Arkansas,Hot Spring County,3521,1859,1662,6034,3358,2676,6359,3477,2882,8893,4697,4196,4489,2129,2360,1826,892,934,2695,1184,1511
5061,Arkansas,Howard County,1867,979,888,2582,1311,1271,2318,1072,1246,3124,1483,1641,1538,755,783,632,302,330,1084,442,642
5063,Arkansas,Independence County,4873,2462,2411,7516,3820,3696,6834,3421,3413,9213,4495,4718,4545,2231,2314,1802,851,951,3031,1234,1797
5065,Arkansas,Izard County,1244,589,655,2136,1148,988,2161,1244,917,3476,1894,1582,2028,996,1032,921,446,475,1646,747,899
5067,Arkansas,Jackson County,1858,914,944,2819,1450,1369,3556,1897,1659,4233,2107,2126,2062,995,1067,836,369,467,1322,560,762
5069,Arkansas,Jefferson County,7799,4016,3783,13030,6663,6367,12363,6505,5858,15903,7815,8088,8610,3957,4653,3251,1549,1702,4917,1948,2969
5071,Arkansas,Johnson County,3480,1754,1726,5462,2716,2746,4906,2469,2437,6424,3219,3205,3104,1521,1583,1257,621,636,1921,834,1087
5073,Arkansas,Lafayette County,636,340,296,1032,524,508,1054,530,524,1682,812,870,1017,490,527,432,196,236,757,337,420
5075,Arkansas,Lawrence County,1967,1019,948,3245,1674,1571,2894,1468,1426,3976,1936,2040,2000,971,1029,846,392,454,1503,616,887
5077,Arkansas,Lee County,864,438,426,1347,725,622,1869,1334,535,2189,1289,900,1043,482,561,484,206,278,811,344,467
5079,Arkansas,Lincoln County,1107,542,565,2371,1508,863,3189,2349,840,3489,2260,1229,1306,661,645,606,310,296,909,359,550
5081,Arkansas,Little River County,1468,726,742,2125,1105,1020,2057,1043,1014,3067,1436,1631,1651,749,902,707,312,395,1151,519,632
5083,Arkansas,Logan County,2446,1250,1196,3689,1972,1717,3575,1789,1786,5779,2881,2898,2843,1337,1506,1168,562,606,1926,836,1090
5085,Arkansas,Lonoke County,9907,5048,4859,14537,7442,7095,15556,7769,7787,18972,9291,9681,7822,3689,4133,2790,1299,1491,4312,1761,2551
5087,Arkansas,Madison County,2054,1034,1020,2960,1502,1458,2908,1484,1424,4213,2140,2073,2254,1113,1141,870,418,452,1361,608,753
5089,Arkansas,Marion County,1651,822,829,2365,1183,1182,2289,1134,1155,3992,1991,2001,3140,1506,1634,1342,658,684,1977,941,1036
5091,Arkansas,Miller County,5571,2860,2711,7974,4256,3718,8410,4194,4216,10988,5337,5651,5126,2385,2741,1991,896,1095,3168,1286,1882
5093,Arkansas,Mississippi County,5736,2974,2762,8343,4280,4063,7684,3809,3875,9700,4613,5087,4711,2285,2426,1612,716,896,2458,955,1503
5095,Arkansas,Monroe County,846,423,423,1054,507,547,1007,485,522,1597,753,844,1020,477,543,379,173,206,722,305,417
5097,Arkansas,Montgomery County,861,443,418,1369,710,659,1210,620,590,2302,1117,1185,1459,710,749,678,344,334,1125,511,614
5099,Arkansas,Nevada County,957,494,463,1463,785,678,1330,664,666,2062,1006,1056,1104,524,580,428,204,224,785,328,457
5101,Arkansas,Newton County,741,380,361,1200,638,562,1150,595,555,1813,894,919,1281,655,626,571,287,284,882,404,478
5103,Arkansas,Ouachita County,2719,1391,1328,4136,2107,2029,3923,1936,1987,5639,2642,2997,3474,1583,1891,1267,576,691,2075,825,1250
5105,Arkansas,Perry County,1164,588,576,1840,938,902,1680,849,831,2723,1386,1337,1459,699,760,564,268,296,922,429,493
5107,Arkansas,Phillips County,2508,1310,1198,3454,1724,1730,2781,1245,1536,3943,1811,2132,2394,1035,1359,920,436,484,1426,580,846
5109,Arkansas,Pike County,1189,600,589,1943,1025,918,1731,906,825,2832,1407,1425,1422,668,754,593,287,306,960,422,538
5111,Arkansas,Poinsett County,3005,1543,1462,4344,2163,2181,4254,2114,2140,5915,2915,3000,2785,1325,1460,1167,514,653,1864,752,1112
5113,Arkansas,Polk County,2304,1195,1109,3576,1799,1777,3018,1474,1544,4750,2342,2408,2790,1339,1451,1263,603,660,2062,903,1159
5115,Arkansas,Pope County,7941,4088,3853,14525,7417,7108,12496,6263,6233,14972,7507,7465,6992,3346,3646,2823,1297,1526,4546,1932,2614
5117,Arkansas,Prairie County,903,519,384,1272,689,583,1285,638,647,2008,966,1042,1109,530,579,463,235,228,964,418,546
5119,Arkansas,Pulaski County,50938,25998,24940,73393,37188,36205,83889,40040,43849,95053,44689,50364,47165,21543,25622,17184,7728,9456,25396,9912,15484
5121,Arkansas,Randolph County,2442,1261,1181,3279,1728,1551,3420,1748,1672,4319,2108,2211,2204,1082,1122,920,429,491,1649,670,979
5123,Arkansas,St. Francis County,2951,1454,1497,4157,2221,1936,5585,3697,1888,6257,3625,2632,3023,1476,1547,1135,553,582,1646,697,949
5125,Arkansas,Saline County,14901,7533,7368,22499,11427,11072,24111,11674,12437,31814,15733,16081,14475,6794,7681,6394,2959,3435,9444,4210,5234
5127,Arkansas,Scott County,1280,653,627,1788,949,839,1745,894,851,2494,1249,1245,1315,681,634,553,281,272,975,446,529
5129,Arkansas,Searcy County,805,409,396,1237,644,593,1175,600,575,1963,983,980,1228,632,596,539,281,258,891,409,482
5131,Arkansas,Sebastian County,16547,8496,8051,25003,12614,12389,25093,12564,12529,31617,15590,16027,14825,7097,7728,5620,2534,3086,8945,3630,5315
5133,Arkansas,Sevier County,2565,1276,1289,3689,1926,1763,3032,1585,1447,3981,1969,2012,1735,883,852,681,318,363,1081,465,616
5135,Arkansas,Sharp County,1880,958,922,2835,1485,1350,2549,1268,1281,4172,2070,2102,2713,1270,1443,1189,547,642,2034,939,1095
5137,Arkansas,Stone County,1284,646,638,1955,1010,945,1809,919,890,3000,1503,1497,2051,999,1052,935,455,480,1621,723,898
5139,Arkansas,Union County,4969,2501,2468,7136,3689,3447,6874,3377,3497,9501,4591,4910,5030,2367,2663,1815,867,948,2995,1220,1775
5141,Arkansas,Van Buren County,1654,843,811,2588,1339,1249,2319,1174,1145,4117,2084,2033,2688,1303,1385,1179,572,607,1989,896,1093
5143,Arkansas,Washington County,32018,16466,15552,60882,31116,29766,53542,27494,26048,54371,27237,27134,21514,10174,11340,7979,3692,4287,12007,4920,7087
5145,Arkansas,White County,9656,5005,4651,17135,8552,8583,14395,6973,7422,19512,9642,9870,8667,4138,4529,3627,1644,1983,5709,2306,3403
5147,Arkansas,Woodruff County,759,401,358,1044,518,526,950,463,487,1528,782,746,933,427,506,415,195,220,676,260,416
5149,Arkansas,Yell County,2698,1393,1305,4042,2121,1921,3743,1956,1787,5470,2743,2727,2570,1294,1276,962,477,485,1726,698,1028
6001,California,Alameda County,187832,96072,91760,281159,141850,139309,414003,208429,205574,442167,219550,222617,176393,83972,92421,63693,28983,34710,100397,41268,59129
6003,California,Alpine County,99,41,58,207,112,95,161,94,67,246,128,118,223,122,101,87,44,43,87,42,45
6005,California,Amador County,3312,1766,1546,4910,2630,2280,6847,4140,2707,10474,6243,4231,6825,3358,3467,3237,1537,1700,4440,2087,2353
6007,California,Butte County,23724,12256,11468,50688,25504,25184,41067,21235,19832,46107,22831,23276,26180,12437,13743,10598,5084,5514,16020,6712,9308
6009,California,Calaveras County,4178,2186,1992,6339,3294,3045,6907,3580,3327,11051,5430,5621,8711,4139,4572,3776,1893,1883,5334,2550,2784
6011,California,Colusa County,3058,1536,1522,4693,2489,2204,4366,2245,2121,4851,2471,2380,2356,1180,1176,844,425,419,1380,640,740
6013,California,Contra Costa County,134374,68428,65946,214369,109395,104974,225195,112642,112553,315119,154103,161016,133252,62938,70314,50839,22955,27884,80297,33451,46846
6015,California,Del Norte County,3147,1608,1539,4743,2618,2125,5941,3784,2157,6812,3777,3035,3901,1883,2018,1437,734,703,1992,856,1136
6017,California,El Dorado County,19079,9769,9310,31976,16427,15549,30781,15658,15123,50985,25244,25741,31278,15273,16005,12036,5892,6144,16943,7792,9151
6019,California,Fresno County,155237,79306,75931,222411,113284,109127,222311,113788,108523,223683,111959,111724,91338,43754,47584,33333,15560,17773,52686,21994,30692
6021,California,Glenn County,4087,2189,1898,6015,3103,2912,5474,2856,2618,6362,3186,3176,3290,1648,1642,1142,568,574,1972,901,1071
6023,California,Humboldt County,14038,7109,6929,28340,14151,14189,26939,13744,13195,31273,16001,15272,17983,8438,9545,7328,3526,3802,9367,4036,5331
6025,California,Imperial County,29077,14732,14345,40152,20919,19233,38828,21635,17193,39000,19783,19217,16542,7838,8704,6174,2891,3283,10703,4563,6140
6027,California,Inyo County,2066,1014,1052,2776,1434,1342,3185,1626,1559,4171,2110,2061,2866,1426,1440,1081,544,537,1917,889,1028
6029,California,Kern County,141201,72079,69122,206229,106927,99302,203210,108598,94612,201817,103064,98753,81035,39883,41152,27176,12742,14434,40705,17616,23089
6031,California,Kings County,23114,11793,11321,34413,18667,15746,37482,22236,15246,34576,20117,14459,12047,6274,5773,4211,1970,2241,6961,3018,3943
6033,California,Lake County,7751,3938,3813,10203,5305,4898,10994,5698,5296,15202,7446,7756,10162,4850,5312,4247,2178,2069,5962,2772,3190
6035,California,Lassen County,3000,1525,1475,5135,3223,1912,7912,5782,2130,7519,4790,2729,3409,1719,1690,1354,673,681,1864,875,989
6037,California,Los Angeles County,1153909,590339,563570,1868113,948212,919901,2342399,1192445,1149954,2591646,1281804,1309842,1038312,490836,547476,359895,161729,198166,614695,248780,365915
6039,California,Madera County,23553,12070,11483,34003,16932,17071,32375,15251,17124,36128,16996,19132,16195,7786,8409,6242,3001,3241,9110,4156,4954
6041,California,Marin County,24715,12510,12205,42873,21777,21096,36544,19226,17318,74329,36820,37509,37033,17210,19823,16044,7265,8779,26410,11390,15020
6043,California,Mariposa County,1532,764,768,2295,1188,1107,2830,1490,1340,3945,1995,1950,3146,1530,1616,1347,700,647,2087,1010,1077
6045,California,Mendocino County,9984,5042,4942,14260,7342,6918,14961,7682,7279,20476,10245,10231,12946,6141,6805,6141,2983,3158,7581,3351,4230
6047,California,Merced County,43720,22481,21239,68438,35078,33360,59367,30991,28376,61480,30819,30661,24086,11815,12271,8460,4005,4455,13387,5755,7632
6049,California,Modoc County,920,462,458,1300,689,611,1364,704,660,2019,986,1033,1461,718,743,677,353,324,1057,513,544
6051,California,Mono County,1350,699,651,2450,1281,1169,3251,1705,1546,3829,2076,1753,2101,1141,960,669,366,303,862,445,417
6053,California,Monterey County,61552,31404,30148,92558,47238,45320,90470,48060,42410,101347,52837,48510,43799,21212,22587,16265,7720,8545,25863,11074,14789
6055,California,Napa County,13718,7056,6662,24993,12841,12152,25489,12956,12533,35574,17870,17704,17473,8383,9090,7134,3434,3700,12112,5415,6697
6057,California,Nevada County,8824,4619,4205,13718,7056,6662,15369,7722,7647,24212,11940,12272,18267,8484,9783,8167,4045,4122,11118,5093,6025
6059,California,Orange County,368600,188840,179760,597104,303057,294047,670098,342189,327909,845868,415367,430501,347838,166758,181080,125385,57072,68313,215876,90890,124986
6061,California,Placer County,45728,23368,22360,71642,36660,34982,70688,35367,35321,106133,52244,53889,50477,23510,26967,21785,9962,11823,35768,15264,20504
6063,California,Plumas County,1780,906,874,2593,1358,1235,2837,1394,1443,4205,2084,2121,3793,1846,1947,1595,814,781,2188,1077,1111
6065,California,Riverside County,323409,165392,158017,523633,266750,256883,516562,264601,251961,608424,303818,304606,253204,122842,130362,97881,45763,52118,162106,71518,90588
6067,California,Sacramento County,199405,102091,97314,292562,149077,143485,360077,180749,179328,385950,188243,197707,167222,77503,89719,60839,27385,33454,92495,37789,54706
6069,California,San Benito County,8616,4358,4258,13382,6787,6595,13366,6965,6401,16263,8191,8072,6578,3236,3342,2204,1088,1116,3399,1429,1970
6071,California,San Bernardino County,308759,157561,151198,478213,246937,231276,489384,249881,239503,527668,259611,268057,210701,100048,110653,70454,32604,37850,102715,43107,59608
6073,California,San Diego County,400214,205018,195196,640828,340297,300531,791903,413915,377988,817463,408087,409376,349070,167030,182040,128764,59629,69135,206171,86396,119775
6075,California,San Francisco County,70583,36034,34549,105398,52012,53386,280114,147180,132934,222416,118565,103851,92016,46021,45995,36475,17288,19187,63559,26588,36971
6077,California,San Joaquin County,109959,56423,53536,167649,86203,81446,161193,82374,78819,185651,92678,92973,74264,35519,38745,26707,12208,14499,41625,17107,24518
6079,California,San Luis Obispo County,26390,13453,12937,64920,34261,30659,48888,26026,22862,62556,32117,30439,39124,18291,20833,16302,7859,8443,24397,10791,13606
6081,California,San Mateo County,83372,42827,40545,123206,63413,59793,172126,89259,82867,205761,101852,103909,86794,41635,45159,32666,14900,17766,56781,23102,33679
6083,California,Santa Barbara County,55111,28200,26911,112232,56441,55791,86968,45956,41012,95235,48050,47185,46097,22155,23942,17952,8531,9421,31690,13424,18266
6085,California,Santa Clara County,221467,113543,107924,345455,178194,167261,460218,247010,213208,508223,257371,250852,189869,92622,97247,67007,30610,36397,120953,51280,69673
6087,California,Santa Cruz County,27097,13825,13272,63602,31720,31882,48725,24972,23753,65049,32319,32730,35002,16903,18099,13557,6595,6962,17787,7519,10268
6089,California,Shasta County,21292,10994,10298,30685,15787,14898,34376,17270,17106,41926,20455,21471,24882,11752,13130,10276,4845,5431,15841,6931,8910
6091,California,Sierra County,260,137,123,364,199,165,387,198,189,721,363,358,582,293,289,270,134,136,349,163,186
6093,California,Siskiyou County,4639,2346,2293,6980,3718,3262,6839,3486,3353,9606,4719,4887,7572,3546,4026,3250,1648,1602,4495,2119,2376
6095,California,Solano County,54088,27672,26416,81490,42582,38908,96425,49912,46513,111431,55629,55802,54341,25468,28873,20517,9443,11074,29114,12027,17087
6097,California,Sonoma County,49018,24974,24044,83909,42520,41389,94611,48310,46301,125201,61699,63502,68518,31957,36561,28829,13218,15611,40661,17016,23645
6099,California,Stanislaus County,79808,40670,39138,119583,61059,58524,117147,59536,57611,129612,64358,65254,53935,25649,28286,19602,8900,10702,30704,12799,17905
6101,California,Sutter County,13241,6879,6362,19652,10078,9574,19828,10096,9732,22704,11278,11426,10323,4974,5349,3957,1876,2081,6888,2898,3990
6103,California,Tehama County,8174,4123,4051,11967,6186,5781,11696,5977,5719,15289,7571,7718,8440,4049,4391,3503,1692,1811,5629,2525,3104
6105,California,Trinity County,1139,583,556,1628,878,750,1722,886,836,3031,1553,1478,2427,1200,1227,983,506,477,1322,680,642
6107,California,Tulare County,76293,38950,37343,112585,57226,55359,98497,50039,48458,103427,51682,51745,40259,19351,20908,14596,6887,7709,22617,9570,13047
6109,California,Tuolumne County,4939,2464,2475,7729,4123,3606,9851,5746,4105,12487,6669,5818,9402,4579,4823,4021,2000,2021,6072,2775,3297
6111,California,Ventura County,99358,50734,48624,165241,83808,81433,167731,86250,81481,216534,106922,109612,98458,47453,51005,36259,16974,19285,59111,24968,34143
6113,California,Yolo County,24126,12231,11895,65341,31254,34087,43595,21995,21600,46939,23070,23869,20427,9547,10880,7620,3482,4138,11962,5011,6951
6115,California,Yuba County,12533,6414,6119,16669,8828,7841,18156,9303,8853,17474,8739,8735,8170,3958,4212,2896,1394,1502,3902,1757,2145
8001,Colorado,Adams County,71816,36512,35304,108008,55539,52469,126693,65692,61001,129149,65848,63301,47240,22913,24327,15495,7239,8256,20984,8659,12325
8003,Colorado,Alamosa County,2167,1124,1043,4298,2132,2166,3256,1643,1613,3276,1616,1660,1652,790,862,636,307,329,941,415,526
8005,Colorado,Arapahoe County,80772,41127,39645,123022,63243,59779,154687,79384,75303,169341,84079,85262,70187,33048,37139,25085,11497,13588,34384,14145,20239
8007,Colorado,Archuleta County,1340,661,679,1932,1012,920,2134,1086,1048,3495,1707,1788,2867,1402,1465,1198,627,571,1222,611,611
8009,Colorado,Baca County,423,245,178,607,299,308,571,298,273,767,384,383,548,274,274,209,93,116,458,197,261
8011,Colorado,Bent County,415,202,213,888,541,347,1270,992,278,1447,1007,440,648,348,300,280,154,126,473,218,255
8013,Colorado,Boulder County,30116,15376,14740,77144,39812,37332,66854,35815,31039,82160,40709,41451,37703,18167,19536,13735,6549,7186,19357,8202,11155
8014,Colorado,Broomfield County,7788,3948,3840,13300,6806,6494,16694,8871,7823,19325,9692,9633,7546,3554,3992,2996,1326,1670,4229,1724,2505
8015,Colorado,Chaffee County,1609,841,768,2687,1511,1176,4003,2368,1635,5150,2727,2423,3619,1748,1871,1529,727,802,2025,983,1042
8017,Colorado,Cheyenne County,246,126,120,308,167,141,293,148,145,431,231,200,257,127,130,93,48,45,174,67,107
8019,Colorado,Clear Creek County,723,392,331,1162,623,539,1814,1011,803,2873,1447,1426,1783,949,834,611,311,300,630,334,296
8021,Colorado,Conejos County,1089,566,523,1656,834,822,1349,687,662,1843,926,917,1135,578,557,422,204,218,671,328,343
8023,Colorado,Costilla County,389,193,196,626,347,279,588,288,300,881,458,423,727,363,364,298,164,134,426,203,223
8025,Colorado,Crowley County,331,192,139,903,624,279,1719,1491,228,1705,1351,354,575,306,269,207,108,99,335,152,183
8027,Colorado,Custer County,375,192,183,589,308,281,622,358,264,1180,581,599,1326,639,687,543,307,236,541,284,257
8029,Colorado,Delta County,3152,1628,1524,4889,2543,2346,4763,2479,2284,7173,3608,3565,5405,2581,2824,2287,1136,1151,3434,1577,1857
8031,Colorado,Denver County,79661,40408,39253,116383,57903,58480,241881,124252,117629,172346,89648,82698,64534,30513,34021,23998,10963,13035,34625,14088,20537
8033,Colorado,Dolores County,199,102,97,328,178,150,317,165,152,488,239,249,363,204,159,158,84,74,235,124,111
8035,Colorado,Douglas County,43652,22518,21134,72813,37297,35516,67713,34313,33400,107131,53359,53772,37202,18085,19117,13156,6163,6993,17024,7537,9487
8037,Colorado,Eagle County,5895,3090,2805,9751,5047,4704,12803,6974,5829,15989,8419,7570,6284,3327,2957,2149,1092,1057,2165,1124,1041
8039,Colorado,Elbert County,2687,1397,1290,4940,2543,2397,4104,2096,2008,8170,4130,4040,4379,2177,2202,1387,719,668,1520,735,785
8041,Colorado,El Paso County,94814,48566,46248,154232,82762,71470,169803,88919,80884,169399,83751,85648,74450,35276,39174,26813,12480,14333,37553,15750,21803
8043,Colorado,Fremont County,4026,2052,1974,6845,3838,3007,10215,7097,3118,12372,7431,4941,7044,3486,3558,2935,1450,1485,4484,2105,2379
8045,Colorado,Garfield County,8199,4158,4041,11652,6078,5574,12587,6581,6006,15403,7928,7475,7300,3647,3653,2273,1167,1106,2915,1284,1631
8047,Colorado,Gilpin County,427,198,229,787,410,377,1051,548,503,2148,1167,981,1230,636,594,304,166,138,297,143,154
8049,Colorado,Grand County,1242,622,620,2380,1250,1130,3291,1833,1458,4283,2225,2058,2859,1536,1323,907,500,407,842,442,400
8051,Colorado,Gunnison County,1474,789,685,4429,2462,1967,3803,2074,1729,4315,2252,2063,2047,1084,963,715,396,319,784,397,387
8053,Colorado,Hinsdale County,71,34,37,124,70,54,100,52,48,185,86,99,157,73,84,71,38,33,93,55,38
8055,Colorado,Huerfano County,567,295,272,894,495,399,926,472,454,1570,801,769,1430,666,764,589,321,268,923,462,461
8057,Colorado,Jackson County,137,67,70,178,95,83,232,125,107,386,197,189,241,131,110,81,51,30,135,56,79
8059,Colorado,Jefferson County,59410,30398,29012,95879,49741,46138,134249,70001,64248,152731,76076,76655,74898,36036,38862,27150,12855,14295,39094,16347,22747
8061,Colorado,Kiowa County,209,115,94,225,111,114,236,118,118,310,143,167,222,119,103,83,42,41,160,67,93
8063,Colorado,Kit Carson County,965,510,455,1360,692,668,1273,666,607,1541,736,805,970,515,455,337,163,174,684,304,380
8065,Colorado,Lake County,920,468,452,1474,773,701,1943,1073,870,2020,1096,924,985,545,440,292,157,135,372,178,194
8067,Colorado,La Plata County,5379,2778,2601,9979,5169,4810,11465,5916,5549,14361,7124,7237,8617,4209,4408,3080,1591,1489,3670,1723,1947
8069,Colorado,Larimer County,36011,18317,17694,82650,41681,40969,77432,40431,37001,81545,40727,40818,43015,20385,22630,16246,7797,8449,22894,9888,13006
8071,Colorado,Las Animas County,1326,653,673,2493,1414,1079,2456,1409,1047,3283,1682,1601,2361,1216,1145,1038,542,496,1458,626,832
8073,Colorado,Lincoln County,626,319,307,970,569,401,1333,928,405,1389,844,545,635,338,297,242,114,128,499,238,261
8075,Colorado,Logan County,2222,1156,1066,4029,2381,1648,5053,3314,1739,5263,3085,2178,2707,1402,1305,999,491,508,1821,731,1090
8077,Colorado,Mesa County,17403,8828,8575,28770,14743,14027,30587,15616,14971,35955,17694,18261,21456,10194,11262,8265,3896,4369,12960,5721,7239
8079,Colorado,Mineral County,63,33,30,78,42,36,138,74,64,183,87,96,154,73,81,74,41,33,85,37,48
8081,Colorado,Moffat County,1814,890,924,2497,1341,1156,2553,1337,1216,3210,1646,1564,1691,885,806,560,280,280,828,370,458
8083,Colorado,Montezuma County,2955,1509,1446,4389,2275,2114,4451,2235,2216,6122,2967,3155,4376,2068,2308,1757,875,882,2354,1101,1253
8085,Colorado,Montrose County,4786,2438,2348,7236,3740,3496,6974,3537,3437,10060,4913,5147,6779,3227,3552,2803,1391,1412,4553,2021,2532
8087,Colorado,Morgan County,4224,2130,2094,5688,2960,2728,6062,3230,2832,6577,3426,3151,3227,1627,1600,1075,513,562,2093,883,1210
8089,Colorado,Otero County,2257,1132,1125,3632,1915,1717,3204,1592,1612,4115,1991,2124,2344,1134,1210,986,472,514,1674,726,948
8091,Colorado,Ouray County,354,193,161,594,289,305,682,330,352,1321,664,657,1124,554,570,449,229,220,471,252,219
8093,Colorado,Park County,1419,734,685,2258,1202,1056,2950,1573,1377,5792,3069,2723,4130,2160,1970,1268,699,569,1098,580,518
8095,Colorado,Phillips County,548,282,266,832,462,370,739,365,374,954,469,485,562,282,280,211,102,109,523,201,322
8097,Colorado,Pitkin County,1373,671,702,2425,1268,1157,3860,2088,1772,5026,2570,2456,2756,1421,1335,1064,557,507,1385,745,640
8099,Colorado,Prowers County,1732,877,855,2573,1359,1214,2060,1053,1007,2663,1333,1330,1540,746,794,598,291,307,925,390,535
8101,Colorado,Pueblo County,19895,10152,9743,32211,16718,15493,33167,16752,16415,40169,19828,20341,21852,10240,11612,8748,4214,4534,13509,5640,7869
8103,Colorado,Rio Blanco County,801,402,399,1312,685,627,1213,611,602,1454,756,698,853,446,407,272,138,134,434,209,225
8105,Colorado,Rio Grande County,1312,651,661,2083,1073,1010,2027,1024,1003,2573,1261,1312,1662,840,822,641,312,329,982,459,523
8107,Colorado,Routt County,2271,1125,1146,4021,2111,1910,5578,2998,2580,7216,3727,3489,3863,1986,1877,1278,659,619,1322,657,665
8109,Colorado,Saguache County,670,332,338,1113,578,535,949,481,468,1752,798,954,1362,681,681,514,285,229,537,262,275
8111,Colorado,San Juan County,48,23,25,76,46,30,140,71,69,206,120,86,146,86,60,61,29,32,69,38,31
8113,Colorado,San Miguel County,672,321,351,1182,616,566,1842,1015,827,2475,1270,1205,1191,661,530,397,215,182,350,206,144
8115,Colorado,Sedgwick County,223,118,105,344,177,167,353,167,186,475,245,230,404,201,203,150,84,66,306,124,182
8117,Colorado,Summit County,2685,1418,1267,4091,2210,1881,8661,4919,3742,8609,4721,3888,4063,2139,1924,1294,659,635,1270,691,579
8119,Colorado,Teller County,2157,1127,1030,3530,1808,1722,3846,2017,1829,7103,3522,3581,5287,2621,2666,1816,962,854,1721,842,879
8121,Colorado,Washington County,557,287,270,874,479,395,886,476,410,1112,607,505,721,346,375,248,135,113,469,213,256
8123,Colorado,Weld County,47099,23961,23138,68063,34640,33423,76372,39669,36703,80117,41131,38986,33169,16110,17059,11164,5389,5775,15796,6957,8839
8125,Colorado,Yuma County,1536,773,763,1944,995,949,1833,942,891,2219,1163,1056,1153,579,574,493,225,268,856,372,484
9001,Connecticut,Fairfield County,106471,54110,52361,186711,94791,91920,167415,84001,83414,262192,127104,135088,112084,53808,58276,38188,17352,20836,70481,28369,42112
9003,Connecticut,Hartford County,97809,49855,47954,166029,84527,81502,177929,90430,87499,230627,111483,119144,107833,50867,56966,39670,17580,22090,70498,27731,42767
9005,Connecticut,Litchfield County,15748,8068,7680,29072,15068,14004,29406,15170,14236,49545,24323,25222,28457,13933,14524,10662,5199,5463,17047,7274,9773
9007,Connecticut,Middlesex County,13804,7053,6751,27730,14248,13482,28456,14309,14147,44048,21475,22573,23784,11477,12307,9026,4215,4811,15102,6214,8888
9009,Connecticut,New Haven County,89376,45623,43753,163681,82807,80874,167818,83104,84714,218690,104756,113934,105841,49855,55986,39788,17876,21912,67750,26844,40906
9011,Connecticut,New London County,26666,13742,12924,50050,26815,23235,50966,26781,24185,67149,32753,34396,35428,17313,18115,13140,6227,6913,21930,9238,12692
9013,Connecticut,Tolland County,12846,6646,6200,40789,20356,20433,25525,13587,11938,36092,18022,18070,18246,8962,9284,6449,3082,3367,10784,4751,6033
9015,Connecticut,Windham County,11762,6022,5740,22122,11337,10785,22176,11412,10764,31304,15549,15755,15597,7600,7997,5288,2477,2811,8417,3474,4943
10001,Delaware,Kent County,22963,11841,11122,36615,18385,18230,36161,17881,18280,43246,20338,22908,21551,9809,11742,9095,4136,4959,13613,5824,7789
10003,Delaware,New Castle County,64660,32893,31767,105405,52905,52500,118072,59049,59023,144116,69217,74899,66927,31239,35688,24096,10912,13184,38229,15615,22614
10005,Delaware,Sussex County,23761,12071,11690,34088,17533,16555,35573,17777,17796,54272,25879,28393,45045,20523,24522,20561,9781,10780,26850,12297,14553
11001,District of Columbia,District of Columbia,83614,42798,40816,117721,54958,62763,230027,109223,120804,157789,78365,79424,62016,28076,33940,22794,9661,13133,38224,14567,23657
12001,Florida,Alachua County,27730,14005,13725,75798,36891,38907,58000,28918,29082,54244,26208,28036,27861,12662,15199,10952,5002,5950,16412,6891,9521
12003,Florida,Baker County,3795,1962,1833,5606,2990,2616,6394,3618,2776,7670,4147,3523,3176,1558,1618,1140,528,612,1750,748,1002
12005,Florida,Bay County,19397,9828,9569,28409,14650,13759,34115,17523,16592,45304,22512,22792,22867,10711,12156,8653,4104,4549,13338,5978,7360
12007,Florida,Bradford County,3014,1575,1439,4747,2641,2106,6468,4166,2302,7276,4249,3027,3366,1643,1723,1322,611,711,2362,967,1395
12009,Florida,Brevard County,57887,29584,28303,94358,49203,45155,103326,52351,50975,153048,73717,79331,93627,44750,48877,37443,17612,19831,67319,29627,37692
12011,Florida,Broward County,224243,114336,109907,334769,169222,165547,395002,196515,198487,537051,262554,274497,230123,109579,120544,86528,39647,46881,151175,63047,88128
12013,Florida,Calhoun County,1425,723,702,2414,1304,1110,2873,1756,1117,3759,2121,1638,1737,848,889,655,318,337,1244,541,703
12015,Florida,Charlotte County,11772,6021,5751,20260,10737,9523,22381,11703,10678,41073,19364,21709,39236,18097,21139,21246,10243,11003,37686,18274,19412
12017,Florida,Citrus County,11750,6033,5717,18313,9457,8856,19350,9866,9484,33083,15502,17581,28281,12872,15409,15301,7294,8007,26367,12776,13591
12019,Florida,Clay County,26014,13370,12644,41874,21580,20294,42464,21121,21343,59290,28898,30392,27520,13114,14406,10232,4869,5363,13811,5976,7835
12021,Florida,Collier County,34277,17486,16791,55678,28822,26856,55763,29201,26562,87748,42665,45083,57352,26444,30908,32536,15231,17305,68244,33000,35244
12023,Florida,Columbia County,8544,4283,4261,13276,7468,5808,13882,7542,6340,17463,9131,8332,9486,4552,4934,3826,1763,2063,6013,2733,3280
12027,Florida,DeSoto County,3826,1912,1914,6677,3895,2782,7887,4996,2891,8998,5253,3745,4478,2219,2259,2227,1095,1132,4302,2122,2180
12029,Florida,Dixie County,1628,841,787,2602,1464,1138,3021,1839,1182,4327,2495,1832,2496,1232,1264,1160,585,575,1809,926,883
12031,Florida,Duval County,126040,64310,61730,174297,88758,85539,227526,112724,114802,235795,113190,122605,107833,49502,58331,38644,17365,21279,55456,21913,33543
12033,Florida,Escambia County,37982,19420,18562,65183,34784,30399,67250,34261,32989,73795,35693,38102,39695,18300,21395,15106,6819,8287,22807,9430,13377
12035,Florida,Flagler County,9753,5034,4719,16810,8680,8130,16055,7856,8199,27993,13080,14913,20787,9312,11475,10558,5123,5435,15865,7603,8262
12037,Florida,Franklin County,997,533,464,1652,958,694,2589,1761,828,3004,1691,1313,1952,936,1016,879,446,433,1125,573,552
12039,Florida,Gadsden County,5262,2641,2621,8147,4009,4138,8160,3898,4262,11920,5699,6221,6126,2868,3258,2265,1022,1243,3543,1446,2097
12041,Florida,Gilchrist County,2085,1121,964,3852,2415,1437,3000,1501,1499,4521,2270,2251,2607,1237,1370,1019,472,547,1737,722,1015
12043,Florida,Glades County,965,497,468,1957,1038,919,2727,1732,995,3484,2063,1421,1877,941,936,1008,506,502,2140,1102,1038
12045,Florida,Gulf County,1367,707,660,2006,1037,969,2055,1114,941,3423,1714,1709,2321,1114,1207,945,461,484,1413,630,783
12047,Florida,Hamilton County,1513,757,756,2889,1911,978,2855,1878,977,3577,2108,1469,1847,935,912,784,369,415,1064,458,606
12049,Florida,Hardee County,3754,1900,1854,5809,3147,2662,5172,2926,2246,6183,3239,2944,2657,1329,1328,1164,576,588,2106,1010,1096
12051,Florida,Hendry County,6210,3325,2885,9036,4786,4250,8775,4858,3917,10473,5488,4985,3991,1991,2000,1534,779,755,2644,1270,1374
12053,Florida,Hernando County,18693,9535,9158,30217,15264,14953,31525,15678,15847,47884,22837,25047,29481,13483,15998,14701,7006,7695,25291,11698,13593
12055,Florida,Highlands County,9399,4708,4691,14625,7465,7160,15089,7755,7334,21106,10240,10866,16097,7349,8748,9562,4446,5116,20697,9931,10766
12057,Florida,Hillsborough County,181273,93091,88182,277366,140744,136622,336294,166945,169349,391011,191629,199382,158126,74138,83988,59911,27374,32537,89495,37309,52186
12059,Florida,Holmes County,2086,1066,1020,3459,1979,1480,3702,2166,1536,5014,2709,2305,2522,1208,1314,1022,477,545,1816,810,1006
12061,Florida,Indian River County,13215,6768,6447,21314,11164,10150,22370,11215,11155,35774,16937,18837,27745,12418,15327,14834,6927,7907,26746,12319,14427
12063,Florida,Jackson County,4703,2450,2253,7719,4307,3412,9208,5604,3604,11857,6711,5146,5934,2973,2961,2443,1138,1305,4292,1756,2536
12065,Florida,Jefferson County,1281,660,621,2031,1108,923,2498,1498,1000,3976,2156,1820,2298,1062,1236,958,479,479,1450,628,822
12067,Florida,Lafayette County,781,362,419,1749,1039,710,1704,1085,619,2253,1302,951,955,487,468,367,182,185,645,274,371
12069,Florida,Lake County,37618,19259,18359,57190,29195,27995,62309,30730,31579,88840,42839,46001,53129,24344,28785,27293,12564,14729,47256,21966,25290
12071,Florida,Lee County,72604,37215,35389,116242,59236,57006,127188,64132,63056,181681,87810,93871,117826,54641,63185,62681,29909,32772,108544,52214,56330
12073,Florida,Leon County,30315,15489,14826,86735,40906,45829,59775,29052,30723,60458,28419,32039,29875,13478,16397,11982,5500,6482,16099,6610,9489
12075,Florida,Levy County,4434,2301,2133,6377,3303,3074,6892,3335,3557,10273,4894,5379,6642,3102,3540,3023,1469,1554,4446,2199,2247
12077,Florida,Liberty County,737,393,344,1388,831,557,2098,1516,582,2345,1519,826,919,498,421,343,169,174,536,246,290
12079,Florida,Madison County,1904,1000,904,2945,1648,1297,3712,2149,1563,4784,2609,2175,2611,1226,1385,1120,585,535,1620,689,931
12081,Florida,Manatee County,38280,19418,18862,60617,30967,29650,63874,31536,32338,97928,46737,51191,63185,28937,34248,31272,14679,16593,54335,25201,29134
12083,Florida,Marion County,37515,19211,18304,55912,28557,27355,60270,29440,30830,82587,39042,43545,54956,24650,30306,29760,13867,15893,50919,23600,27319
12085,Florida,Martin County,13568,6875,6693,21835,11278,10557,22562,12191,10371,38325,18996,19329,26012,12238,13774,12766,5935,6831,26925,12274,14651
12086,Florida,Miami-Dade County,303660,154906,148754,464875,236007,228868,564254,287797,276457,761904,376354,385550,291536,132260,159276,110011,48096,61915,214293,83201,131092
12087,Florida,Monroe County,6499,3341,3158,9426,4925,4501,13601,7202,6399,20988,10902,10086,11580,5872,5708,4910,2607,2303,6934,3582,3352
12089,Florida,Nassau County,9553,4883,4670,14014,7244,6770,15519,7783,7736,23259,11284,11975,14032,6624,7408,6051,2917,3134,8075,3775,4300
12091,Florida,Okaloosa County,27192,13916,13276,39059,21171,17888,48189,25633,22556,49203,24398,24805,25292,12205,13087,9281,4469,4812,14325,6079,8246
12093,Florida,Okeechobee County,5073,2714,2359,7026,3889,3137,8134,4622,3512,10752,5961,4791,5033,2503,2530,2213,1065,1148,4045,1951,2094
12095,Florida,Orange County,168522,86014,82508,278424,138732,139692,340137,171101,169036,365913,179932,185981,133270,62319,70951,46949,21138,25811,69788,28643,41145
12097,Florida,Osceola County,48919,25297,23622,78291,39892,38399,83341,42297,41044,100975,49258,51717,36357,16838,19519,14027,6456,7571,20893,8821,12072
12099,Florida,Palm Beach County,153350,78112,75238,241258,122522,118736,265654,134894,130760,374084,181753,192331,189181,87988,101193,89952,40346,49606,192880,84266,108614
12101,Florida,Pasco County,60913,30747,30166,92979,47526,45453,99305,48660,50645,147034,72081,74953,72912,33695,39217,34703,15936,18767,58802,26530,32272
12103,Florida,Pinellas County,83004,42385,40619,132934,67339,65595,175101,86756,88345,254048,122523,131525,150772,70006,80766,64070,29827,34243,117177,49943,67234
12105,Florida,Polk County,86929,44592,42337,136163,69066,67097,144984,72380,72604,175426,86007,89419,87872,40953,46919,40903,18759,22144,67846,31026,36820
12107,Florida,Putnam County,8621,4422,4199,12532,6505,6027,12272,6161,6111,17654,8559,9095,11385,5439,5946,4791,2394,2397,7453,3391,4062
12109,Florida,St. Johns County,30003,15248,14755,48205,24599,23606,43811,21210,22601,76392,37405,38987,37746,17601,20145,16482,7868,8614,22800,10292,12508
12111,Florida,St. Lucie County,34758,17671,17087,54327,28085,26242,57045,28398,28647,81382,39185,42197,47228,22054,25174,22299,10484,11815,38080,17695,20385
12113,Florida,Santa Rosa County,21844,11314,10530,33380,17738,15642,38941,20946,17995,50280,25286,24994,23211,11160,12051,8481,4127,4354,11908,5266,6642
12115,Florida,Sarasota County,31725,16205,15520,54234,27733,26501,55235,27628,27607,96689,45635,51054,77397,34896,42501,42624,19806,22818,83827,38600,45227
12117,Florida,Seminole County,51662,26440,25222,84815,42636,42179,103789,52040,51749,127514,61318,66196,53716,24736,28980,20303,9092,11211,32038,12964,19074
12119,Florida,Sumter County,5191,2724,2467,8221,4438,3783,12113,7782,4331,19627,10339,9288,30454,12754,17700,25272,11729,13543,36965,18598,18367
12121,Florida,Suwannee County,4936,2501,2435,7744,4157,3587,8121,4628,3493,10810,5527,5283,6196,2929,3267,2544,1232,1312,4399,1980,2419
12123,Florida,Taylor County,2365,1214,1151,3461,1892,1569,4453,2783,1670,5291,2998,2293,2820,1406,1414,1252,595,657,1950,867,1083
12125,Florida,Union County,1669,891,778,2697,1607,1090,3339,2376,963,4229,3072,1157,1671,1100,571,643,335,308,943,430,513
12127,Florida,Volusia County,52835,26689,26146,88737,45997,42740,96248,48920,47328,136712,66004,70708,85520,39886,45634,37705,17851,19854,62210,27499,34711
12129,Florida,Wakulla County,3661,1837,1824,5724,3084,2640,7181,4260,2921,9771,5460,4311,4196,2045,2151,1622,813,809,1991,926,1065
12131,Florida,Walton County,8660,4346,4314,11441,5938,5503,13811,7268,6543,20370,10254,10116,11575,5559,6016,4314,2175,2139,5858,2713,3145
12133,Florida,Washington County,2769,1410,1359,4538,2499,2039,5319,3219,2100,6964,3862,3102,3148,1551,1597,1241,574,667,1875,853,1022
13001,Georgia,Appling County,2455,1231,1224,3558,1878,1680,3212,1676,1536,4549,2255,2294,2323,1121,1202,921,453,468,1375,559,816
13003,Georgia,Atkinson County,1194,610,584,1742,882,860,1659,880,779,2125,1082,1043,881,434,447,333,165,168,467,219,248
13005,Georgia,Bacon County,1509,765,744,2226,1137,1089,1967,977,990,2799,1406,1393,1323,607,716,517,227,290,728,292,436
13007,Georgia,Baker County,305,168,137,473,221,252,484,244,240,735,362,373,482,252,230,213,103,110,306,138,168
13009,Georgia,Baldwin County,4343,2179,2164,12319,6082,6237,7709,4091,3618,10215,5418,4797,5399,2711,2688,2092,982,1110,3063,1403,1660
13011,Georgia,Banks County,2196,1141,1055,3587,1939,1648,3441,1739,1702,5314,2708,2606,2403,1209,1194,1030,464,566,1382,661,721
13013,Georgia,Barrow County,11677,5944,5733,17046,8720,8326,18851,9332,9519,21986,10803,11183,8279,3906,4373,3176,1456,1720,4144,1602,2542
13015,Georgia,Bartow County,13656,7004,6652,21106,10682,10424,22109,10995,11114,29386,14545,14841,12219,5923,6296,4564,2111,2453,6049,2545,3504
13017,Georgia,Ben Hill County,2158,1070,1088,3248,1634,1614,3008,1417,1591,4072,1961,2111,2196,992,1204,801,322,479,1194,431,763
13019,Georgia,Berrien County,2436,1257,1179,3643,1851,1792,3587,1787,1800,4989,2478,2511,2347,1100,1247,957,439,518,1461,629,832
13021,Georgia,Bibb County,20389,10314,10075,32152,15789,16363,30586,14409,16177,35381,16468,18913,17572,7931,9641,6739,2900,3839,10166,3755,6411
13023,Georgia,Bleckley County,1375,725,650,3155,1556,1599,2198,1019,1179,3142,1531,1611,1424,668,756,586,275,311,1090,419,671
13025,Georgia,Brantley County,2359,1220,1139,3580,1874,1706,3467,1716,1751,5200,2547,2653,2370,1136,1234,920,440,480,1328,584,744
13027,Georgia,Brooks County,1807,932,875,2594,1324,1270,2715,1336,1379,3998,1909,2089,2166,1003,1163,904,404,500,1241,558,683
13029,Georgia,Bryan County,6371,3337,3034,8557,4343,4214,9183,4453,4730,10118,4957,5161,3385,1562,1823,1225,584,641,1670,714,956
13031,Georgia,Bulloch County,8928,4457,4471,26249,13301,12948,15516,7791,7725,16325,7794,8531,7293,3433,3860,2588,1207,1381,3733,1540,2193
13033,Georgia,Burke County,3100,1491,1609,4481,2314,2167,4123,1958,2165,5578,2598,2980,2942,1398,1544,1005,469,536,1428,538,890
13035,Georgia,Butts County,2869,1451,1418,4676,2583,2093,5511,3312,2199,6670,3626,3044,2882,1363,1519,1067,474,593,1647,615,1032
13037,Georgia,Calhoun County,512,249,263,1121,672,449,1430,1054,376,1751,1143,608,683,358,325,265,129,136,458,157,301
13039,Georgia,Camden County,7696,3943,3753,11804,6759,5045,12724,6657,6067,11871,5754,6117,5866,2758,3108,2328,1139,1189,3005,1356,1649
13043,Georgia,Candler County,1453,743,710,2158,1114,1044,1909,931,978,2664,1262,1402,1373,708,665,581,249,332,824,340,484
13045,Georgia,Carroll County,15347,7874,7473,28582,14173,14409,23949,11732,12217,29422,14357,15065,12550,5863,6687,4658,2122,2536,6819,2825,3994
13047,Georgia,Catoosa County,7646,3907,3739,12765,6710,6055,12401,6021,6380,18275,8832,9443,8146,3742,4404,3409,1484,1925,5316,2196,3120
13049,Georgia,Charlton County,1318,625,693,2231,1366,865,3325,2306,1019,3550,2146,1404,1425,730,695,594,297,297,967,426,541
13051,Georgia,Chatham County,34123,17495,16628,57212,28485,28727,66131,32844,33287,67354,31840,35514,32912,14740,18172,12945,5792,7153,19169,7917,11252
13053,Georgia,Chattahoochee County,1637,838,799,3648,2837,811,3513,2258,1255,1160,627,533,364,177,187,133,51,82,241,108,133
13055,Georgia,Chattooga County,3007,1508,1499,4580,2442,2138,4634,2546,2088,6354,3281,3073,3175,1538,1637,1232,567,665,1890,769,1121
13057,Georgia,Cherokee County,31694,16299,15395,52004,26636,25368,49134,24447,24687,74991,36926,38065,29609,14006,15603,11854,5358,6496,14649,6282,8367
13059,Georgia,Clarke County,12526,6418,6108,41898,19925,21973,28481,13922,14559,24099,11464,12635,10980,4881,6099,4077,1766,2311,5935,2268,3667
13061,Georgia,Clay County,313,159,154,442,226,216,461,202,259,617,291,326,481,236,245,236,104,132,331,147,184
13063,Georgia,Clayton County,43888,22216,21672,65041,32324,32717,65903,30049,35854,73094,32623,40471,27135,11936,15199,8321,3582,4739,9414,3745,5669
13065,Georgia,Clinch County,903,432,471,1300,644,656,1229,573,656,1628,814,814,793,373,420,314,145,169,428,178,250
13067,Georgia,Cobb County,92712,46859,45853,150288,76003,74285,167417,82670,84747,208831,99807,109024,78442,36636,41806,28052,12450,15602,37168,15353,21815
13069,Georgia,Coffee County,5868,2981,2887,8836,4728,4108,9156,5048,4108,10845,5610,5235,4452,2070,2382,1705,788,917,2415,963,1452
13071,Georgia,Colquitt County,6161,3204,2957,9385,4974,4411,8799,4400,4399,11279,5610,5669,4912,2277,2635,1952,909,1043,3101,1215,1886
13073,Georgia,Columbia County,21138,10734,10404,31351,15908,15443,34084,16757,17327,41077,19884,21193,17069,7952,9117,6366,3043,3323,8584,3591,4993
13075,Georgia,Cook County,2277,1159,1118,3545,1796,1749,3100,1451,1649,4434,2106,2328,1936,922,1014,792,384,408,1218,489,729
13077,Georgia,Coweta County,18246,9226,9020,29522,14845,14677,28586,13908,14678,42566,20546,22020,16626,7949,8677,6350,2924,3426,8442,3593,4849
13079,Georgia,Crawford County,1251,619,632,2074,1113,961,2112,1117,995,3430,1727,1703,1759,861,898,756,352,404,906,388,518
13081,Georgia,Crisp County,2713,1321,1392,4220,2181,2039,3943,1881,2062,5363,2461,2902,2906,1330,1576,1195,578,617,1789,701,1088
13083,Georgia,Dade County,1645,849,796,3263,1642,1621,2758,1356,1402,3933,1956,1977,2299,1115,1184,870,387,483,1321,583,738
13085,Georgia,Dawson County,2842,1457,1385,4622,2395,2227,4874,2435,2439,7124,3555,3569,3661,1704,1957,1673,813,860,2093,992,1101
13087,Georgia,Decatur County,3586,1850,1736,5206,2689,2517,4924,2405,2519,6579,3218,3361,3086,1432,1654,1175,534,641,1929,744,1185
13089,Georgia,DeKalb County,100525,51163,49362,136468,67487,68981,185734,88785,96949,195485,91948,103537,78541,34110,44431,27255,11512,15743,38036,14595,23441
13091,Georgia,Dodge County,2071,1053,1018,3496,1946,1550,3952,2281,1671,5672,3002,2670,2632,1277,1355,1001,486,515,1704,666,1038
13093,Georgia,Dooly County,1102,552,550,2113,1127,986,2441,1573,868,3651,2069,1582,1949,978,971,782,358,424,1208,531,677
13095,Georgia,Dougherty County,11327,5829,5498,19257,9346,9911,16616,7531,9085,19705,8797,10908,10175,4494,5681,3931,1733,2198,5888,2227,3661
13097,Georgia,Douglas County,19077,9666,9411,32108,16197,15911,28655,13367,15288,41607,19147,22460,14699,6805,7894,5004,2177,2827,6603,2721,3882
13099,Georgia,Early County,1319,665,654,1993,1003,990,1639,757,882,2481,1145,1336,1224,575,649,506,213,293,917,325,592
13101,Georgia,Echols County,579,314,265,815,398,417,795,419,376,1030,527,503,407,205,202,148,68,80,212,95,117
13103,Georgia,Effingham County,9320,4768,4552,13022,6751,6271,14089,6965,7124,17307,8540,8767,6622,3200,3422,2138,1028,1110,2934,1250,1684
13105,Georgia,Elbert County,2324,1186,1138,3307,1626,1681,3472,1752,1720,4740,2215,2525,2581,1200,1381,1114,530,584,1792,703,1089
13107,Georgia,Emanuel County,3062,1589,1473,4569,2351,2218,4440,2321,2119,5308,2649,2659,2620,1183,1437,1022,468,554,1516,611,905
13109,Georgia,Evans County,1465,772,693,2230,1133,1097,1975,963,1012,2560,1214,1346,1222,564,658,448,221,227,758,320,438
13111,Georgia,Fannin County,2169,1112,1057,3612,1855,1757,3494,1683,1811,6445,3091,3354,5145,2444,2701,2346,1196,1150,3212,1529,1683
13113,Georgia,Fayette County,12102,6238,5864,24085,12241,11844,16865,8176,8689,31936,15281,16655,15328,7184,8144,6343,2958,3385,8950,3808,5142
13115,Georgia,Floyd County,11934,6133,5801,20516,10061,10455,18848,9367,9481,24250,11946,12304,11425,5416,6009,4431,1997,2434,7201,2875,4326
13117,Georgia,Forsyth County,32732,16674,16058,52819,27084,25735,42693,20490,22203,77869,39569,38300,21857,10449,11408,8844,4003,4841,12623,5474,7149
13119,Georgia,Franklin County,2785,1441,1344,4613,2363,2250,4184,2113,2071,5755,2846,2909,2980,1437,1543,1226,578,648,1936,754,1182
13121,Georgia,Fulton County,122120,62044,60076,212686,106968,105718,266800,130583,136217,285041,137940,147101,100986,46386,54600,35809,15635,20174,51557,19966,31591
13123,Georgia,Gilmer County,3229,1667,1562,4824,2413,2411,4557,2334,2223,8121,4126,3995,5512,2654,2858,2477,1245,1232,3184,1515,1669
13125,Georgia,Glascock County,313,157,156,577,321,256,469,225,244,851,429,422,384,172,212,129,65,64,255,95,160
13127,Georgia,Glynn County,9596,4800,4796,15407,7853,7554,15093,6972,8121,21236,9839,11397,11642,5176,6466,5116,2297,2819,7493,3174,4319
13129,Georgia,Gordon County,7181,3662,3519,11894,6162,5732,11158,5563,5595,15841,7801,8040,6427,3020,3407,2449,1140,1309,3680,1528,2152
13131,Georgia,Grady County,3239,1675,1564,4691,2371,2320,4261,1986,2275,6095,2985,3110,3036,1452,1584,1254,577,677,1965,815,1150
13133,Georgia,Greene County,1894,993,901,2742,1415,1327,2715,1341,1374,4182,1992,2190,3319,1525,1794,1674,861,813,2223,1042,1181
13135,Georgia,Gwinnett County,128098,64882,63216,207623,105260,102363,190357,93116,97241,264013,126999,137014,88050,41670,46380,27859,12402,15457,35951,14936,21015
13137,Georgia,Habersham County,5438,2826,2612,9166,4491,4675,8494,4033,4461,11287,5298,5989,5555,2624,2931,2384,1160,1224,3625,1576,2049
13139,Georgia,Hall County,26399,13450,12949,43019,22146,20873,39310,19972,19338,52918,26532,26386,21815,10346,11469,8957,4100,4857,13712,5903,7809
13141,Georgia,Hancock County,641,332,309,1276,764,512,1735,1189,546,2138,1187,951,1307,643,664,557,277,280,846,359,487
13143,Georgia,Haralson County,3877,1930,1947,5810,2892,2918,5818,2878,2940,7963,3985,3978,3325,1563,1762,1373,609,764,2096,873,1223
13145,Georgia,Harris County,3870,1983,1887,6491,3446,3045,5987,3034,2953,10094,4977,5117,4909,2378,2531,1997,993,1004,2538,1146,1392
13147,Georgia,Hart County,2813,1462,1351,4532,2386,2146,4387,2237,2150,6686,3290,3396,3738,1785,1953,1647,764,883,2584,1084,1500
13149,Georgia,Heard County,1383,700,683,2268,1167,1101,2178,1088,1090,3184,1594,1590,1542,750,792,558,265,293,823,355,468
13151,Georgia,Henry County,29376,14950,14426,52971,26696,26275,45242,21038,24204,68095,31397,36698,23757,10895,12862,8201,3640,4561,10515,4416,6099
13153,Georgia,Houston County,21842,10994,10848,32717,16774,15943,34704,16689,18015,39825,18835,20990,16332,7714,8618,5756,2669,3087,8328,3311,5017
13155,Georgia,Irwin County,1019,511,508,1771,1015,756,1942,1135,807,2412,1289,1123,1021,505,516,453,196,257,778,310,468
13157,Georgia,Jackson County,10140,5129,5011,14456,7328,7128,15322,7644,7678,20209,10179,10030,7818,3758,4060,3082,1394,1688,4409,1878,2531
13159,Georgia,Jasper County,1730,871,859,2675,1429,1246,2525,1225,1300,3848,1903,1945,1887,885,1002,772,357,415,990,423,567
13161,Georgia,Jeff Davis County,2085,1071,1014,3143,1586,1557,2734,1330,1404,3833,1914,1919,1667,793,874,734,359,375,998,441,557
13163,Georgia,Jefferson County,1930,981,949,2884,1508,1376,2845,1462,1383,3800,1837,1963,1921,883,1038,778,344,434,1143,411,732
13165,Georgia,Jenkins County,967,512,455,1691,955,736,1855,1096,759,2180,1204,976,1012,477,535,430,192,238,610,228,382
13167,Georgia,Johnson County,973,470,503,1584,849,735,1888,1241,647,2668,1670,998,1229,631,598,507,237,270,843,363,480
13169,Georgia,Jones County,3239,1669,1570,5580,2816,2764,5079,2450,2629,7680,3706,3974,3636,1706,1930,1465,638,827,2086,874,1212
13171,Georgia,Lamar County,2229,1146,1083,4244,1975,2269,3531,1748,1783,4597,2232,2365,2340,1118,1222,917,404,513,1346,585,761
13173,Georgia,Lanier County,1378,703,675,2088,1073,1015,2268,1148,1120,2666,1334,1332,1195,584,611,471,230,241,610,267,343
13175,Georgia,Laurens County,6347,3224,3123,9068,4614,4454,8782,4097,4685,11675,5576,6099,5666,2595,3071,2249,1010,1239,3754,1429,2325
13177,Georgia,Lee County,4107,2142,1965,6167,3256,2911,6197,3084,3113,7948,3945,4003,3217,1548,1669,1210,597,613,1357,547,810
13179,Georgia,Liberty County,11377,5823,5554,14944,8157,6787,16389,8609,7780,11280,5277,6003,4996,2311,2685,1744,808,936,2239,897,1342
13181,Georgia,Lincoln County,812,402,410,1191,603,588,1341,667,674,1947,904,1043,1351,672,679,535,254,281,831,361,470
13183,Georgia,Long County,2948,1519,1429,4126,2113,2013,4752,2444,2308,5056,2520,2536,1904,932,972,575,280,295,687,300,387
13185,Georgia,Lowndes County,16141,8219,7922,31559,15547,16012,25021,12542,12479,24374,11516,12858,10760,4906,5854,4168,1827,2341,6131,2378,3753
13187,Georgia,Lumpkin County,3086,1548,1538,9196,4700,4496,5559,2817,2742,7614,3741,3873,4453,2093,2360,1774,851,923,2382,1072,1310
13189,Georgia,McDuffie County,2851,1444,1407,4114,2034,2080,3704,1735,1969,5158,2411,2747,2661,1197,1464,1125,510,615,1582,588,994
13191,Georgia,McIntosh County,1159,594,565,1954,981,973,2175,1096,1079,3664,1738,1926,2593,1204,1389,1103,514,589,1728,837,891
13193,Georgia,Macon County,1286,657,629,2226,1257,969,2736,1781,955,3237,1806,1431,1750,848,902,666,324,342,865,373,492
13195,Georgia,Madison County,3726,1933,1793,5526,2858,2668,5685,2798,2887,7967,3884,4083,3801,1818,1983,1456,699,757,2158,951,1207
13197,Georgia,Marion County,885,442,443,1499,732,767,1387,701,686,2247,1103,1144,1227,626,601,510,259,251,731,316,415
13199,Georgia,Meriwether County,2430,1261,1169,3707,1893,1814,3703,1812,1891,5276,2464,2812,2983,1416,1567,1212,533,679,1855,731,1124
13201,Georgia,Miller County,681,348,333,1015,519,496,922,430,492,1393,673,720,706,335,371,279,124,155,645,263,382
13205,Georgia,Mitchell County,2541,1303,1238,4088,2258,1830,4297,2508,1789,5592,2956,2636,2591,1198,1393,969,417,552,1598,605,993
13207,Georgia,Monroe County,3005,1535,1470,4977,2729,2248,5003,2544,2459,7330,3542,3788,3943,1909,2034,1412,694,718,2273,936,1337
13209,Georgia,Montgomery County,977,482,495,1918,1017,901,1690,922,768,2258,1177,1081,1101,539,562,454,212,242,654,254,400
13211,Georgia,Morgan County,2303,1158,1145,3526,1781,1745,3269,1561,1708,5027,2420,2607,2579,1184,1395,1094,514,580,1740,736,1004
13213,Georgia,Murray County,5015,2587,2428,8037,4080,3957,7554,3756,3798,10775,5299,5476,4420,2150,2270,1752,839,913,2462,1003,1459
13215,Georgia,Muscogee County,27891,14242,13649,39578,20774,18804,45672,22862,22810,44555,20909,23646,20190,9285,10905,7266,3141,4125,11303,4105,7198
13217,Georgia,Newton County,14870,7609,7261,24887,12553,12334,21385,9983,11402,30423,13936,16487,11302,5035,6267,4369,1947,2422,5759,2281,3478
13219,Georgia,Oconee County,5216,2651,2565,8773,4513,4260,6300,2953,3347,11496,5577,5919,4670,2246,2424,1813,877,936,2653,1217,1436
13221,Georgia,Oglethorpe County,1700,876,824,2581,1339,1242,2864,1424,1440,4067,2009,2058,2042,1004,1038,831,407,424,1256,510,746
13223,Georgia,Paulding County,22980,11735,11245,35754,18066,17688,35842,17488,18354,49263,23972,25291,15960,7458,8502,5609,2461,3148,6990,2809,4181
13225,Georgia,Peach County,3152,1584,1568,6465,3181,3284,5052,2508,2544,6659,3176,3483,3444,1636,1808,1297,582,715,1815,707,1108
13227,Georgia,Pickens County,3304,1689,1615,5397,2758,2639,5490,2735,2755,8661,4239,4422,5138,2433,2705,2202,1088,1114,2806,1250,1556
13229,Georgia,Pierce County,2526,1273,1253,3772,1951,1821,3508,1753,1755,5070,2526,2544,2224,1059,1165,976,475,501,1418,626,792
13231,Georgia,Pike County,2170,1116,1054,3785,1953,1832,3413,1611,1802,5388,2657,2731,2193,1048,1145,870,421,449,1270,539,731
13233,Georgia,Polk County,5767,2867,2900,8677,4471,4206,8337,4178,4159,10582,5206,5376,4726,2184,2542,1872,837,1035,2818,1164,1654
13235,Georgia,Pulaski County,988,505,483,1869,898,971,2060,740,1320,2877,1184,1693,1519,677,842,668,328,340,1189,487,702
13237,Georgia,Putnam County,2307,1112,1195,3598,1810,1788,3577,1739,1838,5532,2628,2904,3619,1688,1931,1617,782,835,2174,1030,1144
13239,Georgia,Quitman County,219,119,100,328,159,169,285,141,144,504,232,272,419,204,215,207,97,110,317,143,174
13241,Georgia,Rabun County,1429,723,706,2498,1270,1228,2661,1327,1334,4230,2057,2173,2932,1403,1529,1459,700,759,2022,926,1096
13243,Georgia,Randolph County,724,353,371,1211,627,584,1025,464,561,1473,659,814,1027,482,545,448,205,243,811,301,510
13245,Georgia,Richmond County,26222,13629,12593,41965,22398,19567,46355,22909,23446,45097,20841,24256,23173,10436,12737,7880,3445,4435,11622,4528,7094
13247,Georgia,Rockdale County,10991,5550,5441,19105,9567,9538,16285,7591,8694,24733,11093,13640,10877,5037,5840,3881,1698,2183,5025,2080,2945
13249,Georgia,Schley County,565,313,252,1077,526,551,834,397,437,1499,710,789,571,276,295,234,99,135,434,175,259
13251,Georgia,Screven County,1624,840,784,2302,1272,1030,2589,1262,1327,3609,1771,1838,2020,950,1070,760,357,403,1081,441,640
13253,Georgia,Seminole County,864,442,422,1382,707,675,1282,609,673,1963,919,1044,1193,574,619,531,265,266,849,351,498
13255,Georgia,Spalding County,8608,4454,4154,12444,6357,6087,13325,6522,6803,16019,7520,8499,8141,3731,4410,3607,1572,2035,5155,2115,3040
13257,Georgia,Stephens County,3231,1625,1606,5085,2515,2570,4505,2209,2296,6182,2987,3195,3516,1620,1896,1462,701,761,2095,903,1192
13259,Georgia,Stewart County,386,191,195,1175,898,277,2389,2033,356,1434,916,518,615,282,333,230,120,110,449,169,280
13261,Georgia,Sumter County,3571,1762,1809,7072,3421,3651,5165,2590,2575,6598,3002,3596,3389,1532,1857,1445,649,796,2078,825,1253
13263,Georgia,Talbot County,541,283,258,860,411,449,932,463,469,1620,784,836,1153,539,614,428,211,217,618,245,373
13265,Georgia,Taliaferro County,153,78,75,203,107,96,238,120,118,388,202,186,261,133,128,111,48,63,202,88,114
13267,Georgia,Tattnall County,2704,1383,1321,4814,2869,1945,5842,3905,1937,6690,3960,2730,2709,1352,1357,1061,501,560,1534,594,940
13269,Georgia,Taylor County,852,429,423,1337,662,675,1351,665,686,2174,1047,1127,1129,519,610,446,191,255,779,311,468
13271,Georgia,Telfair County,1278,647,631,2402,1358,1044,3661,2633,1028,4349,2704,1645,1961,1039,922,772,356,416,1360,543,817
13273,Georgia,Terrell County,1049,510,539,1594,828,766,1570,792,778,1992,933,1059,1148,517,631,462,209,253,726,280,446
13275,Georgia,Thomas County,5637,2905,2732,8305,4215,4090,8065,3786,4279,10956,5162,5794,5578,2589,2989,2232,961,1271,3608,1447,2161
13277,Georgia,Tift County,5614,2938,2676,8847,4402,4445,7932,3909,4023,9551,4643,4908,4405,1984,2421,1692,748,944,2646,1000,1646
13279,Georgia,Toombs County,3764,1917,1847,5587,2843,2744,4978,2347,2631,6367,2952,3415,2999,1408,1591,1203,541,662,2025,714,1311
13281,Georgia,Towns County,851,419,432,2319,1143,1176,1316,676,640,2400,1145,1255,2159,952,1207,1208,574,634,1939,889,1050
13283,Georgia,Treutlen County,821,379,442,1397,756,641,1306,702,604,1562,797,765,885,428,457,337,166,171,529,190,339
13285,Georgia,Troup County,9205,4736,4469,14371,7296,7075,14074,6660,7414,17357,8188,9169,7843,3652,4191,2987,1330,1657,4361,1677,2684
13287,Georgia,Turner County,1091,543,548,1586,813,773,1440,770,670,1798,858,940,888,397,491,400,167,233,688,256,432
13289,Georgia,Twiggs County,796,384,412,1231,630,601,1303,661,642,2167,1099,1068,1292,613,679,534,242,292,786,347,439
13291,Georgia,Union County,1930,975,955,3324,1743,1581,3124,1545,1579,5736,2689,3047,4949,2333,2616,2502,1215,1287,3605,1685,1920
13293,Georgia,Upson County,3316,1665,1651,4721,2348,2373,4767,2282,2485,6838,3264,3574,3434,1609,1825,1337,584,753,2078,796,1282
13295,Georgia,Walker County,8007,4096,3911,12248,6393,5855,13013,6504,6509,18432,9181,9251,8964,4227,4737,3602,1649,1953,5763,2345,3418
13297,Georgia,Walton County,11911,6166,5745,19320,9881,9439,17927,8588,9339,26003,12635,13368,10498,5001,5497,4368,1965,2403,6362,2684,3678
13299,Georgia,Ware County,4874,2538,2336,6834,3632,3202,7004,3747,3257,8487,4272,4215,4185,1953,2232,1645,722,923,2777,1032,1745
13301,Georgia,Warren County,557,257,300,845,412,433,875,440,435,1318,615,703,792,367,425,285,124,161,551,218,333
13303,Georgia,Washington County,2308,1183,1125,3652,2003,1649,4032,2301,1731,5166,2695,2471,2556,1167,1389,947,441,506,1541,533,1008
13305,Georgia,Wayne County,3801,1929,1872,5669,2942,2727,6144,3315,2829,7658,3998,3660,3429,1671,1758,1326,624,702,1974,820,1154
13307,Georgia,Webster County,241,127,114,459,225,234,364,180,184,704,352,352,371,155,216,173,96,77,273,137,136
13309,Georgia,Wheeler County,674,344,330,1382,888,494,1935,1509,426,2168,1526,642,773,372,401,327,164,163,514,232,282
13311,Georgia,White County,3076,1539,1537,5802,2985,2817,4830,2462,2368,7777,3732,4045,4447,2095,2352,1994,959,1035,3046,1365,1681
13313,Georgia,Whitfield County,13696,6954,6742,22716,11663,11053,20362,10434,9928,26288,13054,13234,10353,4984,5369,4013,1873,2140,6547,2742,3805
13315,Georgia,Wilcox County,875,473,402,1457,876,581,1847,1291,556,2256,1481,775,937,478,459,437,202,235,717,313,404
13317,Georgia,Wilkes County,1042,523,519,1674,839,835,1535,797,738,2364,1124,1240,1394,638,756,588,261,327,1103,464,639
13319,Georgia,Wilkinson County,992,498,494,1650,838,812,1486,739,747,2207,1069,1138,1266,611,655,450,195,255,795,304,491
13321,Georgia,Worth County,2318,1156,1162,3553,1774,1779,3598,1729,1869,5112,2447,2665,2658,1281,1377,1087,490,597,1691,686,1005
15001,Hawaii,Hawaii County,24245,12421,11824,32869,16678,16191,36535,18183,18352,48618,23818,24800,31552,15465,16087,12647,6477,6170,16776,7540,9236
15003,Hawaii,Honolulu County,119251,61518,57733,170132,91302,78830,211238,111273,99965,229442,114989,114453,107469,51660,55809,45477,21205,24272,84276,34688,49588
15005,Hawaii,Kalawao County,0,0,0,0,0,0,9,5,4,28,17,11,24,16,8,4,1,3,25,4,21
15007,Hawaii,Kauai County,8696,4445,4251,11497,5925,5572,13463,6760,6703,17950,8900,9050,10085,4965,5120,4188,2072,2116,6115,2573,3542
15009,Hawaii,Maui County,20227,10597,9630,27165,13655,13510,32075,15839,16236,43979,22076,21903,22864,11230,11634,8983,4498,4485,12683,5487,7196
16001,Idaho,Ada County,57258,29304,27954,97129,50019,47110,106238,54419,51819,126093,63688,62405,54773,25999,28774,21103,10067,11036,28911,12582,16329
16003,Idaho,Adams County,375,207,168,585,304,281,577,302,275,1012,503,509,1017,516,501,368,208,160,482,252,230
16005,Idaho,Bannock County,12336,6295,6041,19533,10036,9497,18980,9602,9378,19343,9491,9852,9791,4726,5065,3621,1785,1836,5028,2196,2832
16007,Idaho,Bear Lake County,867,462,405,1207,602,605,1012,526,486,1319,649,670,851,424,427,344,168,176,555,255,300
16009,Idaho,Benewah County,1100,576,524,1570,829,741,1395,708,687,2325,1164,1161,1598,796,802,600,293,307,836,441,395
16011,Idaho,Bingham County,7331,3686,3645,10943,5651,5292,8767,4308,4459,10400,5211,5189,5205,2586,2619,1739,860,879,2766,1293,1473
16013,Idaho,Blaine County,2321,1162,1159,4112,2141,1971,3904,2021,1883,6416,3056,3360,3419,1671,1748,1364,676,688,1821,922,899
16015,Idaho,Boise County,574,293,281,1091,582,509,1033,497,536,2221,1106,1115,1776,912,864,650,364,286,703,401,302
16017,Idaho,Bonner County,4743,2348,2395,7010,3648,3362,6997,3561,3436,11530,5636,5894,8609,4247,4362,3371,1784,1587,4349,2122,2227
16019,Idaho,Bonneville County,20135,10211,9924,26892,13716,13176,25391,12733,12658,26220,13240,12980,11741,5710,6031,4433,2138,2295,6669,2869,3800
16021,Idaho,Boundary County,1609,871,738,2181,1116,1065,1849,919,930,2975,1497,1478,2055,1003,1052,812,416,396,1128,544,584
16023,Idaho,Butte County,298,156,142,500,263,237,373,178,195,578,302,276,428,204,224,184,112,72,275,131,144
16025,Idaho,Camas County,110,66,44,191,78,113,151,76,75,304,156,148,187,104,83,91,50,41,88,46,42
16027,Idaho,Canyon County,34636,17742,16894,52171,26669,25502,47975,23901,24074,54354,26971,27383,23692,11240,12452,9394,4461,4933,13249,5952,7297
16029,Idaho,Caribou County,1063,556,507,1497,762,735,1227,627,600,1629,836,793,852,434,418,330,157,173,541,241,300
16031,Idaho,Cassia County,4008,2074,1934,5786,3023,2763,4485,2309,2176,5068,2614,2454,2472,1222,1250,918,466,452,1522,662,860
16033,Idaho,Clark County,94,48,46,168,78,90,167,87,80,198,105,93,98,61,37,35,17,18,77,39,38
16035,Idaho,Clearwater County,658,358,300,1211,728,483,1442,883,559,2263,1226,1037,1493,770,723,702,386,316,1069,546,523
16037,Idaho,Custer County,385,204,181,544,283,261,571,300,271,1001,502,499,884,473,411,390,228,162,484,236,248
16039,Idaho,Elmore County,4097,2085,2012,5951,3279,2672,6356,3499,2857,5662,2890,2772,2837,1412,1425,998,515,483,1558,678,880
16041,Idaho,Franklin County,2199,1154,1045,3444,1841,1603,2396,1194,1202,3250,1641,1609,1433,734,699,530,255,275,887,418,469
16043,Idaho,Fremont County,1615,826,789,2786,1475,1311,2336,1248,1088,3206,1697,1509,1700,892,808,591,293,298,966,489,477
16045,Idaho,Gem County,2233,1167,1066,3253,1728,1525,3030,1531,1499,4395,2126,2269,2791,1363,1428,1138,567,571,1740,860,880
16047,Idaho,Gooding County,2211,1128,1083,3246,1669,1577,2714,1384,1330,3568,1878,1690,1838,901,937,728,382,346,1237,584,653
16049,Idaho,Idaho County,1713,898,815,2665,1484,1181,2342,1288,1054,3692,1853,1839,3093,1564,1529,1289,696,593,1990,1021,969
16051,Idaho,Jefferson County,5221,2707,2514,7465,3805,3660,5649,2855,2794,6769,3518,3251,2974,1529,1445,983,487,496,1361,645,716
16053,Idaho,Jerome County,3907,2018,1889,5554,2812,2742,4927,2627,2300,5537,2914,2623,2511,1271,1240,808,388,420,1329,621,708
16055,Idaho,Kootenai County,20510,10610,9900,29971,15518,14453,32732,16374,16358,41236,20285,20951,22706,10745,11961,9318,4439,4879,12972,5863,7109
16057,Idaho,Latah County,4156,2074,2082,12497,6557,5940,8291,4330,3961,7786,3904,3882,4102,2002,2100,1546,791,755,2354,1066,1288
16059,Idaho,Lemhi County,768,408,360,1109,581,528,1172,573,599,1717,847,870,1526,748,778,703,369,334,1067,536,531
16061,Idaho,Lewis County,412,219,193,643,340,303,536,256,280,819,404,415,668,334,334,294,156,138,464,232,232
16063,Idaho,Lincoln County,720,385,335,1194,593,601,975,489,486,1336,740,596,596,289,307,214,115,99,306,151,155
16065,Idaho,Madison County,6355,3307,3048,16887,8303,8584,7686,4327,3359,5131,2570,2561,2199,1066,1133,764,351,413,1244,561,683
16067,Idaho,Minidoka County,3345,1667,1678,4527,2293,2234,3985,2030,1955,4565,2342,2223,2291,1136,1155,883,440,443,1537,661,876
16069,Idaho,Nez Perce County,4817,2405,2412,7256,3735,3521,7771,3957,3814,9584,4692,4892,5363,2636,2727,2153,1029,1124,3766,1619,2147
16071,Idaho,Oneida County,631,302,329,933,492,441,684,342,342,1006,495,511,607,326,281,239,114,125,412,193,219
16073,Idaho,Owyhee County,1553,792,761,2495,1278,1217,2074,1070,1004,2907,1455,1452,1567,820,747,563,292,271,888,422,466
16075,Idaho,Payette County,3408,1778,1630,4769,2478,2291,4305,2150,2155,5867,2901,2966,2923,1433,1490,1242,592,650,2045,965,1080
16077,Idaho,Power County,1267,623,644,1704,900,804,1385,705,680,1575,790,785,874,447,427,310,147,163,525,244,281
16079,Idaho,Shoshone County,1478,769,709,1962,1012,950,2095,1095,1000,3153,1588,1565,2120,1047,1073,840,431,409,1221,535,686
16081,Idaho,Teton County,1537,774,763,2198,1169,1029,2575,1328,1247,3670,1941,1729,1469,768,701,480,247,233,458,238,220
16083,Idaho,Twin Falls County,12807,6456,6351,18323,9247,9076,18317,9011,9306,19401,9781,9620,9473,4564,4909,3711,1780,1931,6051,2571,3480
16085,Idaho,Valley County,1102,557,545,1586,821,765,1858,961,897,2979,1496,1483,2240,1134,1106,907,516,391,1021,531,490
16087,Idaho,Washington County,1163,597,566,1878,950,928,1429,721,708,2318,1129,1189,1601,774,827,747,390,357,1140,550,590
17001,Illinois,Adams County,8063,4175,3888,11519,5879,5640,11760,5852,5908,15551,7715,7836,8401,4076,4325,3213,1496,1717,6496,2806,3690
17003,Illinois,Alexander County,652,330,322,851,427,424,823,428,395,1428,691,737,921,440,481,326,153,173,584,242,342
17005,Illinois,Bond County,1591,810,781,2692,1437,1255,3368,1978,1390,4256,2245,2011,2219,1085,1134,820,405,415,1398,567,831
17007,Illinois,Boone County,6186,3210,2976,11349,5875,5474,9018,4499,4519,14357,7201,7156,6042,2983,3059,2299,1073,1226,3706,1627,2079
17009,Illinois,Brown County,592,318,274,1168,772,396,1791,1378,413,1698,1134,564,659,337,322,225,107,118,429,182,247
17011,Illinois,Bureau County,3481,1784,1697,5700,2906,2794,5339,2721,2618,8019,4006,4013,4672,2253,2419,1808,878,930,3406,1381,2025
17013,Illinois,Calhoun County,475,229,246,738,387,351,657,339,318,1242,636,606,715,382,333,294,139,155,532,227,305
17015,Illinois,Carroll County,1497,727,770,2226,1187,1039,2234,1153,1081,3426,1724,1702,2252,1111,1141,994,494,500,1658,736,922
17017,Illinois,Cass County,1612,817,795,2242,1189,1053,2092,1067,1025,3074,1554,1520,1466,730,736,555,264,291,960,377,583
17019,Illinois,Champaign County,22225,11461,10764,64517,33410,31107,41663,21081,20582,41562,20279,21283,20705,9686,11019,7195,3363,3832,11614,4741,6873
17021,Illinois,Christian County,3339,1685,1654,5527,2925,2602,5893,3243,2650,8427,4410,4017,4364,2175,2189,1577,719,858,3069,1252,1817
17023,Illinois,Clark County,1857,978,879,2682,1352,1330,2604,1304,1300,3927,1972,1955,2072,1064,1008,760,346,414,1434,565,869
17025,Illinois,Clay County,1621,832,789,2292,1142,1150,2295,1168,1127,3227,1632,1595,1785,882,903,711,353,358,1193,462,731
17027,Illinois,Clinton County,4324,2232,2092,6362,3403,2959,7490,4153,3337,9845,5171,4674,4837,2399,2438,1638,783,855,2948,1266,1682
17029,Illinois,Coles County,4900,2526,2374,12578,6123,6455,9374,4748,4626,11163,5545,5618,6300,3037,3263,2220,1006,1214,3981,1576,2405
17031,Illinois,Cook County,607072,309711,297361,933261,468159,465102,1203661,601120,602541,1278398,626667,651731,563884,262740,301144,200877,89498,111379,334130,129308,204822
17033,Illinois,Crawford County,2001,1001,1000,3033,1623,1410,3719,2178,1541,4815,2640,2175,2470,1230,1240,956,440,516,1589,625,964
17035,Illinois,Cumberland County,1290,643,647,1816,937,879,1835,931,904,2706,1391,1315,1536,755,781,543,275,268,956,415,541
17037,Illinois,DeKalb County,12161,6218,5943,30190,15149,15041,20192,10183,10009,22607,11294,11313,10292,5049,5243,3570,1694,1876,5731,2354,3377
17039,Illinois,De Witt County,1714,839,875,2629,1370,1259,2722,1380,1342,4076,2066,2010,2192,1105,1087,769,364,405,1351,548,803
17041,Illinois,Douglas County,2561,1308,1253,3778,1954,1824,3588,1815,1773,4587,2305,2282,2457,1205,1252,880,423,457,1656,670,986
17043,Illinois,DuPage County,109659,56100,53559,173410,88479,84931,177883,90260,87623,243507,119421,124086,113299,54380,58919,39534,18414,21120,62089,25152,36937
17045,Illinois,Edgar County,1745,925,820,2798,1419,1379,2808,1375,1433,4299,2181,2118,2593,1278,1315,963,442,521,1742,689,1053
17047,Illinois,Edwards County,792,377,415,1091,563,528,999,509,490,1592,812,780,903,433,470,377,179,198,624,239,385
17049,Illinois,Effingham County,4525,2320,2205,6133,3158,2975,6513,3394,3119,8199,4114,4085,4413,2175,2238,1569,740,829,2742,1103,1639
17051,Illinois,Fayette County,2370,1248,1122,3788,2091,1697,4067,2291,1776,5424,2982,2442,2700,1353,1347,1025,501,524,1919,798,1121
17053,Illinois,Ford County,1555,835,720,2370,1194,1176,2276,1155,1121,3186,1573,1613,1783,879,904,570,283,287,1228,451,777
17055,Illinois,Franklin County,4534,2351,2183,6555,3431,3124,6518,3291,3227,9814,4826,4988,5060,2479,2581,2091,983,1108,3630,1498,2132
17057,Illinois,Fulton County,3415,1736,1679,5727,3102,2625,6206,3612,2594,8878,4771,4107,4586,2206,2380,1819,876,943,3218,1321,1897
17059,Illinois,Gallatin County,490,232,258,759,384,375,787,400,387,1267,649,618,639,300,339,334,157,177,527,227,300
17061,Illinois,Greene County,1435,733,702,2202,1120,1082,2168,1188,980,3414,1753,1661,1780,891,889,630,291,339,1137,488,649
17063,Illinois,Grundy County,6520,3336,3184,10228,5259,4969,9901,4911,4990,13676,6881,6795,5571,2715,2856,2032,985,1047,3095,1280,1815
17065,Illinois,Hamilton County,904,450,454,1426,731,695,1333,683,650,1998,997,1001,1145,558,587,454,220,234,838,326,512
17067,Illinois,Hancock County,1912,972,940,2900,1480,1420,2795,1428,1367,4292,2159,2133,2638,1317,1321,1090,532,558,1884,788,1096
17069,Illinois,Hardin County,322,160,162,581,293,288,536,281,255,1033,530,503,622,296,326,288,150,138,436,218,218
17071,Illinois,Henderson County,646,345,301,943,461,482,960,489,471,1654,811,843,1102,553,549,421,220,201,849,363,486
17073,Illinois,Henry County,5493,2730,2763,8534,4584,3950,8112,4111,4001,12511,6228,6283,6760,3323,3437,2625,1273,1352,4548,1922,2626
17075,Illinois,Iroquois County,3048,1533,1515,4697,2448,2249,4283,2149,2134,6651,3271,3380,3890,1893,1997,1455,692,763,2789,1137,1652
17077,Illinois,Jackson County,5956,3058,2898,16521,8427,8094,10371,5293,5078,11186,5520,5666,6237,3022,3215,2512,1190,1322,3984,1615,2369
17079,Illinois,Jasper County,1179,611,568,1637,827,810,1556,787,769,2447,1259,1188,1325,663,662,500,239,261,861,377,484
17081,Illinois,Jefferson County,4599,2320,2279,6426,3419,3007,7116,3933,3183,9335,4963,4372,4792,2317,2475,1924,930,994,3165,1329,1836
17083,Illinois,Jersey County,2256,1138,1118,4183,2078,2105,3557,1783,1774,5611,2754,2857,3056,1484,1572,1045,497,548,1927,812,1115
17085,Illinois,Jo Daviess County,1982,1021,961,3299,1790,1509,2925,1495,1430,5008,2507,2501,3648,1752,1896,1722,856,866,2662,1222,1440
17087,Illinois,Johnson County,1191,587,604,2075,1197,878,2355,1448,907,3138,1755,1383,1666,829,837,729,364,365,1213,574,639
17089,Illinois,Kane County,67471,34561,32910,111762,57175,54587,98542,50351,48191,143736,71927,71809,58232,28179,30053,20714,9592,11122,31209,13060,18149
17091,Illinois,Kankakee County,12769,6538,6231,23487,11770,11717,19863,10033,9830,26791,13281,13510,13035,6367,6668,4726,2148,2578,8223,3612,4611
17093,Illinois,Kendall County,18421,9407,9014,28741,14739,14002,26496,13118,13378,36335,18181,18154,10998,5166,5832,3896,1732,2164,5391,2257,3134
17095,Illinois,Knox County,5460,2868,2592,9068,4669,4399,8580,4779,3801,11691,6003,5688,6803,3269,3534,2707,1265,1442,4940,2059,2881
17097,Illinois,Lake County,83273,42472,40801,151164,79641,71523,121387,62122,59265,187494,92667,94827,81130,39384,41746,27528,13009,14519,42921,17977,24944
17099,Illinois,LaSalle County,11916,6176,5740,19418,10137,9281,19704,10403,9301,27447,14050,13397,14869,7397,7472,5085,2439,2646,9426,3852,5574
17101,Illinois,Lawrence County,1573,780,793,2697,1619,1078,3450,2293,1157,3980,2287,1693,1854,877,977,710,338,372,1259,488,771
17103,Illinois,Lee County,3536,1761,1775,5484,2927,2557,6401,3764,2637,8816,4854,3962,4724,2432,2292,1838,897,941,2985,1286,1699
17105,Illinois,Livingston County,4110,2145,1965,6340,3406,2934,6635,3418,3217,8745,4423,4322,4749,2383,2366,1707,812,895,3182,1289,1893
17107,Illinois,Logan County,2923,1515,1408,5372,2866,2506,5914,3302,2612,6984,3570,3414,3474,1670,1804,1296,603,693,2485,976,1509
17109,Illinois,McDonough County,2694,1392,1302,8869,4409,4460,4793,2488,2305,5766,2847,2919,3484,1685,1799,1361,654,707,2452,952,1500
17111,Illinois,McHenry County,35432,18100,17332,59963,30841,29122,54831,27957,26874,86723,43069,43654,37971,18631,19340,12795,6004,6791,18674,7885,10789
17113,Illinois,McLean County,19847,10033,9814,46287,22350,23937,32457,16251,16206,39029,19161,19868,17629,8296,9333,6202,2950,3252,9896,4048,5848
17115,Illinois,Macon County,12724,6575,6149,19092,9488,9604,18269,8769,9500,24422,11710,12712,13901,6561,7340,5438,2550,2888,9457,3795,5662
17117,Illinois,Macoupin County,4798,2470,2328,7952,4172,3780,7475,3698,3777,11611,5733,5878,6499,3197,3302,2375,1104,1271,4007,1642,2365
17119,Illinois,Madison County,30675,15738,14937,47244,23979,23265,51731,25711,26020,66917,32625,34292,34205,16462,17743,12033,5449,6584,20208,8043,12165
17121,Illinois,Marion County,4779,2458,2321,6476,3325,3151,6565,3295,3270,9099,4490,4609,4984,2386,2598,1869,855,1014,3352,1390,1962
17123,Illinois,Marshall County,1247,625,622,1817,947,870,1862,970,892,2811,1407,1404,1696,869,827,665,303,362,1254,522,732
17125,Illinois,Mason County,1425,740,685,2236,1106,1130,2131,1066,1065,3439,1760,1679,1845,908,937,806,408,398,1366,571,795
17127,Illinois,Massac County,1516,771,745,2393,1178,1215,2151,1054,1097,3585,1777,1808,1861,866,995,716,327,389,1468,600,868
17129,Illinois,Menard County,1331,689,642,2105,1085,1020,2103,1004,1099,3190,1558,1632,1680,834,846,666,320,346,1026,412,614
17131,Illinois,Mercer County,1608,808,800,2665,1375,1290,2466,1258,1208,4017,1979,2038,2152,1108,1044,841,415,426,1552,690,862
17133,Illinois,Monroe County,4067,2141,1926,5975,3115,2860,6000,2972,3028,9385,4675,4710,4904,2435,2469,1575,777,798,2836,1166,1670
17135,Illinois,Montgomery County,3008,1496,1512,4710,2614,2096,5318,3118,2200,7135,3854,3281,3861,1919,1942,1371,675,696,2729,1088,1641
17137,Illinois,Morgan County,3337,1686,1651,6345,3328,3017,6273,3502,2771,8245,4255,3990,4384,2110,2274,1730,833,897,3155,1228,1927
17139,Illinois,Moultrie County,1871,951,920,2803,1474,1329,2507,1230,1277,3443,1680,1763,1804,879,925,669,309,360,1276,514,762
17141,Illinois,Ogle County,5808,2924,2884,9271,4686,4585,8815,4475,4340,13107,6580,6527,6582,3272,3310,2494,1177,1317,4329,1868,2461
17143,Illinois,Peoria County,23983,12362,11621,33832,16971,16861,35255,17471,17784,41909,20340,21569,21232,9920,11312,8364,3818,4546,13607,5544,8063
17145,Illinois,Perry County,2047,1024,1023,3804,2322,1482,4195,2657,1538,5296,2931,2365,2582,1278,1304,1055,479,576,1756,740,1016
17147,Illinois,Piatt County,1937,972,965,2805,1471,1334,2829,1431,1398,4181,2085,2096,2311,1134,1177,880,420,460,1414,608,806
17149,Illinois,Pike County,1884,975,909,2623,1395,1228,2679,1385,1294,3678,1843,1835,2125,1072,1053,762,371,391,1576,628,948
17151,Illinois,Pope County,218,107,111,618,377,241,535,272,263,1168,594,574,787,383,404,305,155,150,517,250,267
17153,Illinois,Pulaski County,566,266,300,893,463,430,844,418,426,1255,616,639,849,397,452,319,152,167,494,231,263
17155,Illinois,Putnam County,586,291,295,934,504,430,926,472,454,1420,712,708,930,493,437,379,179,200,546,254,292
17157,Illinois,Randolph County,3222,1630,1592,5140,2876,2264,6469,4165,2304,8248,4822,3426,4129,2095,2034,1444,675,769,2806,1092,1714
17159,Illinois,Richland County,1935,969,966,2601,1387,1214,2741,1364,1377,3787,1890,1897,2096,1019,1077,728,341,387,1617,649,968
17161,Illinois,Rock Island County,17352,8833,8519,26288,13466,12822,26014,13296,12718,33360,16703,16657,18556,8805,9751,7289,3353,3936,12334,5080,7254
17163,Illinois,St. Clair County,32647,16808,15839,48003,24555,23448,51029,24779,26250,65747,31278,34469,32403,15162,17241,11036,5070,5966,17772,6908,10864
17165,Illinois,Saline County,2711,1365,1346,3907,2144,1763,4154,2067,2087,5907,2878,3029,3187,1521,1666,1231,573,658,2159,879,1280
17167,Illinois,Sangamon County,22749,11807,10942,35397,17888,17509,36660,17578,19082,49309,23956,25353,25420,11783,13637,9720,4344,5376,14934,5755,9179
17169,Illinois,Schuyler County,604,310,294,1041,516,525,1172,661,511,1864,1059,805,978,488,490,387,201,186,717,303,414
17171,Illinois,Scott County,530,282,248,874,448,426,806,377,429,1332,658,674,705,374,331,228,100,128,476,203,273
17173,Illinois,Shelby County,2408,1217,1191,3523,1817,1706,3520,1784,1736,5280,2656,2624,3101,1527,1574,1264,608,656,2273,1014,1259
17175,Illinois,Stark County,600,296,304,916,468,448,822,421,401,1330,670,660,779,384,395,292,149,143,535,235,300
17177,Illinois,Stephenson County,4959,2550,2409,7563,3834,3729,6996,3451,3545,10654,5249,5405,6487,3162,3325,2492,1156,1336,4818,1970,2848
17179,Illinois,Tazewell County,15331,7943,7388,23254,11874,11380,24153,12334,11819,33553,16682,16871,16892,8050,8842,6569,3037,3532,11323,4610,6713
17181,Illinois,Union County,1835,932,903,2764,1414,1350,2889,1499,1390,4177,2108,2069,2322,1166,1156,917,429,488,1641,732,909
17183,Illinois,Vermilion County,9555,4866,4689,13715,7172,6543,13332,6905,6427,18093,9112,8981,9926,4776,5150,3861,1796,2065,6611,2817,3794
17185,Illinois,Wabash County,1367,730,637,1896,973,923,1928,995,933,2680,1339,1341,1641,798,843,620,309,311,1097,451,646
17187,Illinois,Warren County,1991,1042,949,3652,1812,1840,2701,1378,1323,3820,1902,1918,2199,1084,1115,849,412,437,1512,641,871
17189,Illinois,Washington County,1538,775,763,2280,1147,1133,2336,1181,1155,3616,1822,1794,2025,1067,958,677,338,339,1336,574,762
17191,Illinois,Wayne County,2000,974,1026,2703,1388,1315,2679,1373,1306,3968,1959,2009,2167,1082,1085,873,421,452,1671,725,946
17193,Illinois,White County,1564,820,744,2220,1133,1087,2303,1166,1137,3323,1640,1683,1877,900,977,736,351,385,1400,594,806
17195,Illinois,Whiteside County,6319,3215,3104,9752,5019,4733,9165,4618,4547,13572,6788,6784,7782,3833,3949,2943,1384,1559,5288,2247,3041
17197,Illinois,Will County,83619,42487,41132,146079,75011,71068,127901,64567,63334,194642,96488,98154,73480,35789,37691,25942,11978,13964,37755,15542,22213
17199,Illinois,Williamson County,7821,4109,3712,11042,5746,5296,12978,6693,6285,16985,8558,8427,8447,4041,4406,3527,1664,1863,5679,2313,3366
17201,Illinois,Winnebago County,35616,18244,17372,53196,27038,26158,52556,25778,26778,69963,34305,35658,35157,16859,18298,13256,6125,7131,21999,9073,12926
17203,Illinois,Woodford County,4688,2434,2254,7626,3946,3680,6411,3205,3206,9595,4836,4759,4954,2459,2495,1715,867,848,3157,1286,1871
18001,Indiana,Adams County,6441,3323,3118,7754,3968,3786,6107,3158,2949,7723,3922,3801,3808,1819,1989,1407,652,755,2619,1046,1573
18003,Indiana,Allen County,53768,27628,26140,77741,39213,38528,78709,38943,39766,90646,44705,45941,42173,19985,22188,15340,6963,8377,23238,9414,13824
18005,Indiana,Bartholomew County,11272,5823,5449,15564,7907,7657,17716,9455,8261,20691,10482,10209,9484,4542,4942,3660,1707,1953,6056,2513,3543
18007,Indiana,Benton County,1133,604,529,1702,885,817,1529,782,747,2173,1092,1081,1106,549,557,386,177,209,717,282,435
18009,Indiana,Blackford County,1392,705,687,2052,1083,969,1973,984,989,2960,1464,1496,1623,810,813,664,317,347,1142,443,699
18011,Indiana,Boone County,9562,5017,4545,13563,7001,6562,13286,6644,6642,18706,9269,9437,7436,3612,3824,2562,1200,1362,3931,1623,2308
18013,Indiana,Brown County,1309,658,651,2207,1119,1088,2232,1133,1099,4115,2044,2071,2684,1329,1355,1154,560,594,1418,669,749
18015,Indiana,Carroll County,2294,1205,1089,3597,1849,1748,3519,1813,1706,5234,2688,2546,2820,1423,1397,1078,515,563,1715,737,978
18017,Indiana,Cass County,4457,2267,2190,7033,3679,3354,6589,3368,3221,9783,5018,4765,4815,2374,2441,1742,819,923,3096,1227,1869
18019,Indiana,Clark County,14604,7413,7191,20991,10690,10301,24766,12371,12395,31454,15511,15943,14435,6685,7750,5396,2430,2966,7437,2933,4504
18021,Indiana,Clay County,3286,1643,1643,4647,2397,2250,4791,2412,2379,6732,3389,3343,3511,1713,1798,1289,616,673,2032,847,1185
18023,Indiana,Clinton County,4462,2264,2198,6620,3434,3186,5897,2998,2899,7733,3940,3793,3793,1829,1964,1306,621,685,2466,951,1515
18025,Indiana,Crawford County,1206,616,590,1821,932,889,1699,873,826,2856,1452,1404,1618,836,782,606,319,287,823,373,450
18027,Indiana,Daviess County,5488,2865,2623,7163,3684,3479,6183,3221,2962,7395,3724,3671,3685,1819,1866,1321,640,681,2304,935,1369
18029,Indiana,Dearborn County,5579,2865,2714,9308,4758,4550,8458,4307,4151,13624,6823,6801,6800,3334,3466,2450,1206,1244,3572,1531,2041
18031,Indiana,Decatur County,3411,1739,1672,5066,2616,2450,4861,2441,2420,6790,3451,3339,3359,1660,1699,1160,547,613,1932,779,1153
18033,Indiana,DeKalb County,5682,2851,2831,8337,4252,4085,8192,4135,4057,11198,5675,5523,5359,2628,2731,1942,909,1033,2972,1198,1774
18035,Indiana,Delaware County,11130,5728,5402,31248,15082,16166,19138,9559,9579,25136,12309,12827,12859,5996,6863,5134,2280,2854,8956,3715,5241
18037,Indiana,Dubois County,5582,2873,2709,8083,4162,3921,7218,3754,3464,10802,5554,5248,5547,2753,2794,1969,924,1045,3391,1310,2081
18039,Indiana,Elkhart County,30744,15690,15054,44069,22501,21568,39264,19818,19446,48927,24345,24582,21673,10423,11250,8077,3688,4389,13538,5530,8008
18041,Indiana,Fayette County,2594,1353,1241,4173,2128,2045,3788,1864,1924,6007,3019,2988,3152,1502,1650,1254,589,665,1979,852,1127
18043,Indiana,Floyd County,9571,4967,4604,14556,7344,7212,15386,7552,7834,20626,10084,10542,9959,4731,5228,3593,1625,1968,5192,2063,3129
18045,Indiana,Fountain County,1936,1027,909,2930,1520,1410,2827,1435,1392,4231,2097,2134,2160,1056,1104,874,424,450,1547,649,898
18047,Indiana,Franklin County,2774,1379,1395,4154,2144,2010,3730,1884,1846,5995,3030,2965,3213,1613,1600,1073,520,553,1843,776,1067
18049,Indiana,Fulton County,2556,1308,1248,3642,1883,1759,3436,1774,1662,4932,2473,2459,2702,1362,1340,1042,500,542,1748,707,1041
18051,Indiana,Gibson County,4367,2288,2079,6320,3270,3050,6212,3174,3038,8465,4327,4138,4375,2157,2218,1506,698,808,2581,1043,1538
18053,Indiana,Grant County,7431,3756,3675,14514,7060,7454,10497,5042,5455,15450,7576,7874,8514,4008,4506,3338,1560,1778,5672,2251,3421
18055,Indiana,Greene County,3616,1808,1808,5628,2961,2667,5485,2752,2733,8594,4358,4236,4417,2182,2235,1659,805,854,2794,1218,1576
18057,Indiana,Hamilton County,46571,23757,22814,69948,35544,34404,66778,32359,34419,95599,46888,48711,34162,16166,17996,12220,5734,6486,17545,7206,10339
18059,Indiana,Hancock County,9657,4986,4671,14634,7460,7174,15043,7467,7576,21364,10472,10892,9322,4507,4815,3784,1731,2053,5442,2344,3098
18061,Indiana,Harrison County,4769,2526,2243,7099,3648,3451,7321,3689,3632,10942,5493,5449,5484,2646,2838,2046,993,1053,3025,1292,1733
18063,Indiana,Hendricks County,21452,10972,10480,34665,18143,16522,34459,17674,16785,46631,23423,23208,18706,8899,9807,6792,3137,3655,9804,4039,5765
18065,Indiana,Henry County,5071,2649,2422,8498,4608,3890,8923,5095,3828,12904,6908,5996,6117,2996,3121,2499,1209,1290,4032,1674,2358
18067,Indiana,Howard County,10390,5318,5072,14993,7649,7344,14839,7300,7539,20305,9857,10448,10581,4964,5617,4285,1918,2367,7387,3089,4298
18069,Indiana,Huntington County,4234,2156,2078,7121,3646,3475,6542,3345,3197,9320,4647,4673,4862,2408,2454,1606,739,867,2774,1068,1706
18071,Indiana,Jackson County,5990,3100,2890,8196,4257,3939,8144,4146,3998,11529,5889,5640,5218,2508,2710,1953,891,1062,3202,1327,1875
18073,Indiana,Jasper County,3927,2052,1875,6820,3503,3317,5729,2894,2835,8508,4249,4259,4294,2116,2178,1615,771,844,2581,1113,1468
18075,Indiana,Jay County,2909,1484,1425,3877,2007,1870,3464,1783,1681,5054,2515,2539,2548,1291,1257,1008,459,549,1573,651,922
18077,Indiana,Jefferson County,3558,1802,1756,6134,3014,3120,5744,2696,3048,8355,4076,4279,4336,2134,2202,1639,784,855,2397,980,1417
18079,Indiana,Jennings County,3430,1749,1681,5143,2643,2500,4973,2520,2453,7470,3793,3677,3360,1699,1661,1321,608,713,1882,826,1056
18081,Indiana,Johnson County,20983,10788,10195,31512,16282,15230,32777,16267,16510,41016,20418,20598,17296,8204,9092,6445,2984,3461,10074,4137,5937
18083,Indiana,Knox County,4320,2249,2071,7912,4271,3641,6484,3477,3007,8496,4279,4217,4647,2261,2386,1721,801,920,2998,1148,1850
18085,Indiana,Kosciusko County,10207,5185,5022,15492,7876,7616,15088,7769,7319,18959,9536,9423,10016,4977,5039,3670,1779,1891,5705,2419,3286
18087,Indiana,LaGrange County,7075,3669,3406,9545,5023,4522,6961,3586,3375,8556,4272,4284,4091,2056,2035,1507,741,766,2323,1019,1304
18089,Indiana,Lake County,59965,30615,29350,94913,48324,46589,91618,44912,46706,123329,59544,63785,60941,28805,32136,21781,9972,11809,34970,13823,21147
18091,Indiana,LaPorte County,12958,6587,6371,19321,10254,9067,21488,12208,9280,27822,14576,13246,14472,7100,7372,5491,2556,2935,8248,3354,4894
18093,Indiana,Lawrence County,5086,2618,2468,8046,4207,3839,7751,3921,3830,11943,5970,5973,6149,3012,3137,2532,1206,1326,3979,1628,2351
18095,Indiana,Madison County,14727,7633,7094,23858,12407,11451,24507,12878,11629,33489,17011,16478,16194,7728,8466,6597,2986,3611,10310,4311,5999
18097,Indiana,Marion County,135930,69543,66387,191464,95478,95986,231626,112584,119042,225294,108389,116905,99954,46096,53858,32233,14334,17899,49617,18885,30732
18099,Indiana,Marshall County,5841,3001,2840,9390,4879,4511,7694,3959,3735,11440,5736,5704,5874,2911,2963,2104,1021,1083,3795,1537,2258
18101,Indiana,Martin County,1208,617,591,1777,946,831,1694,877,817,2576,1333,1243,1457,712,745,537,263,274,855,362,493
18103,Indiana,Miami County,3849,1980,1869,6490,3582,2908,6937,4221,2716,9393,5161,4232,4282,2134,2148,1743,857,886,2684,1131,1553
18105,Indiana,Monroe County,12788,6673,6115,48591,24399,24192,29607,15554,14053,28975,14310,14665,14531,6780,7751,5378,2495,2883,8408,3458,4950
18107,Indiana,Montgomery County,4652,2447,2205,7514,4127,3387,6825,3521,3304,9533,4762,4771,4821,2421,2400,1765,801,964,3241,1350,1891
18109,Indiana,Morgan County,8047,4143,3904,13118,6783,6335,12378,6164,6214,19450,9669,9781,9367,4556,4811,3428,1665,1763,4854,2076,2778
18111,Indiana,Newton County,1533,780,753,2386,1234,1152,2446,1277,1169,3685,1919,1766,1978,1011,967,673,315,358,1227,527,700
18113,Indiana,Noble County,6277,3203,3074,9248,4785,4463,8715,4432,4283,12193,6240,5953,6080,3096,2984,2232,1057,1175,3114,1246,1868
18115,Indiana,Ohio County,641,323,318,887,435,452,911,464,447,1587,793,794,940,469,471,339,163,176,591,255,336
18117,Indiana,Orange County,2449,1304,1145,3551,1856,1695,3270,1663,1607,4869,2430,2439,2721,1325,1396,1142,521,621,1636,708,928
18119,Indiana,Owen County,2282,1182,1100,3529,1816,1713,3447,1762,1685,5674,2846,2828,3172,1565,1607,1156,582,574,1585,740,845
18121,Indiana,Parke County,1967,1028,939,2865,1412,1453,3204,1325,1879,4198,1933,2265,2342,1167,1175,917,452,465,1389,639,750
18123,Indiana,Perry County,2185,1166,1019,3356,1861,1495,3759,2261,1498,4825,2657,2168,2563,1273,1290,982,494,488,1490,632,858
18125,Indiana,Pike County,1509,750,759,2066,1046,1020,2150,1125,1025,3155,1595,1560,1711,886,825,691,328,363,1090,479,611
18127,Indiana,Porter County,19219,9855,9364,33135,17033,16102,32251,16190,16061,44560,21952,22608,22407,10814,11593,8005,3792,4213,11370,4684,6686
18129,Indiana,Posey County,2984,1521,1463,4326,2241,2085,4397,2218,2179,6535,3281,3254,3761,1930,1831,1277,588,689,2033,839,1194
18131,Indiana,Pulaski County,1348,688,660,2287,1224,1063,2136,1127,1009,3133,1586,1547,1718,855,863,618,317,301,1132,522,610
18133,Indiana,Putnam County,3849,1982,1867,8375,4344,4031,6966,4127,2839,9384,5034,4350,4504,2270,2234,1626,767,859,2784,1161,1623
18135,Indiana,Randolph County,2880,1479,1401,4418,2281,2137,3943,1999,1944,6240,3133,3107,3203,1547,1656,1267,601,666,2329,975,1354
18137,Indiana,Ripley County,3535,1856,1679,5509,2895,2614,4834,2417,2417,7317,3596,3721,3600,1769,1831,1360,637,723,2282,971,1311
18139,Indiana,Rush County,1936,984,952,3065,1555,1510,2878,1408,1470,4326,2186,2140,2221,1088,1133,802,379,423,1401,578,823
18141,Indiana,St. Joseph County,34902,17767,17135,58163,29042,29121,53704,26957,26747,63157,30741,32416,31873,15264,16609,11283,5242,6041,18568,7450,11118
18143,Indiana,Scott County,2853,1438,1415,4354,2159,2195,4410,2221,2189,6501,3219,3282,2960,1447,1513,1137,527,610,1589,648,941
18145,Indiana,Shelby County,5315,2747,2568,8194,4199,3995,8106,4115,3991,11928,5963,5965,5913,2926,2987,2072,979,1093,3332,1336,1996
18147,Indiana,Spencer County,2219,1106,1113,3600,1858,1742,3293,1710,1583,5428,2739,2689,2850,1438,1412,1125,564,561,1719,775,944
18149,Indiana,Starke County,2759,1441,1318,4172,2141,2031,4012,1981,2031,5864,2910,2954,3328,1677,1651,1143,542,601,1763,817,946
18151,Indiana,Steuben County,3825,1956,1869,6672,3596,3076,5451,2791,2660,8677,4360,4317,5211,2574,2637,2022,1002,1020,2958,1315,1643
18153,Indiana,Sullivan County,2144,1140,1004,3465,1992,1473,4284,2643,1641,5540,3081,2459,2519,1271,1248,1035,480,555,1591,640,951
18155,Indiana,Switzerland County,1328,692,636,2002,1114,888,1792,896,896,2860,1462,1398,1415,743,672,510,274,236,841,383,458
18157,Indiana,Tippecanoe County,22159,11281,10878,63639,34723,28916,38952,20312,18640,38275,18914,19361,17067,7989,9078,6073,2774,3299,9732,4041,5691
18159,Indiana,Tipton County,1658,857,801,2594,1348,1246,2521,1296,1225,3983,1990,1993,2102,1062,1040,849,405,444,1481,631,850
18161,Indiana,Union County,789,401,388,1248,654,594,1214,616,598,1916,897,1019,951,470,481,418,196,222,581,243,338
18163,Indiana,Vanderburgh County,21701,11140,10561,35023,17283,17740,37629,18897,18732,42929,21029,21900,23393,11172,12221,8075,3644,4431,13512,5258,8254
18165,Indiana,Vermillion County,1784,903,881,2794,1509,1285,2588,1326,1262,3966,1968,1998,2105,1005,1100,837,400,437,1294,515,779
18167,Indiana,Vigo County,11912,6216,5696,25464,13173,12291,20522,11310,9212,24270,12537,11733,12128,5742,6386,4625,2096,2529,7777,2807,4970
18169,Indiana,Wabash County,3282,1637,1645,6119,3110,3009,5014,2490,2524,7511,3721,3790,4161,2011,2150,1615,779,836,3133,1222,1911
18171,Indiana,Warren County,929,455,474,1428,740,688,1357,655,702,2173,1134,1039,1102,551,551,422,222,200,784,322,462
18173,Indiana,Warrick County,7405,3716,3689,11994,6215,5779,11337,5535,5802,16675,8327,8348,7992,3861,4131,3126,1452,1674,4649,1958,2691
18175,Indiana,Washington County,3388,1707,1681,5110,2633,2477,5037,2544,2493,7556,3792,3764,3715,1838,1877,1376,616,760,1982,878,1104
18177,Indiana,Wayne County,7815,3901,3914,12855,6505,6350,11344,5614,5730,16444,8091,8353,8511,4062,4449,3200,1432,1768,5654,2210,3444
18179,Indiana,Wells County,3730,1906,1824,5264,2734,2530,4999,2499,2500,6822,3416,3406,3687,1801,1886,1302,619,683,2308,910,1398
18181,Indiana,White County,3048,1535,1513,4380,2322,2058,3951,2016,1935,5927,2959,2968,3459,1674,1785,1323,646,677,2076,907,1169
18183,Indiana,Whitley County,4069,2064,2005,6273,3310,2963,6129,3103,3026,8703,4347,4356,4770,2370,2400,1705,839,866,2589,1050,1539
19001,Iowa,Adair County,880,460,420,1140,575,565,1225,631,594,1665,838,827,1032,552,480,359,173,186,783,311,472
19003,Iowa,Adams County,402,204,198,588,304,284,577,306,271,853,415,438,561,295,266,221,104,117,393,164,229
19005,Iowa,Allamakee County,1797,945,852,2314,1220,1094,2143,1110,1033,3137,1598,1539,2070,1051,1019,813,409,404,1402,632,770
19007,Iowa,Appanoose County,1481,764,717,2149,1138,1011,1947,949,998,2981,1487,1494,1827,922,905,777,357,420,1320,583,737
19009,Iowa,Audubon County,641,338,303,868,425,443,837,410,427,1315,660,655,830,418,412,316,150,166,688,271,417
19011,Iowa,Benton County,3130,1609,1521,4532,2297,2235,4249,2188,2061,6775,3360,3415,3428,1783,1645,1156,567,589,2215,959,1256
19013,Iowa,Black Hawk County,16089,8231,7858,30857,15153,15704,25170,12987,12183,28043,14019,14024,15526,7403,8123,5788,2720,3068,9489,3876,5613
19015,Iowa,Boone County,2858,1446,1412,4552,2511,2041,4993,2588,2405,6772,3427,3345,3846,1922,1924,1268,619,649,2031,833,1198
19017,Iowa,Bremer County,2970,1548,1422,5701,2882,2819,4172,2091,2081,5837,2942,2895,3002,1484,1518,1231,581,650,2410,1009,1401
19019,Iowa,Buchanan County,2857,1432,1425,4161,2159,2002,3712,1888,1824,5165,2602,2563,2674,1314,1360,1032,495,537,1684,724,960
19021,Iowa,Buena Vista County,2947,1519,1428,4336,2244,2092,3749,1964,1785,4187,2131,2056,2389,1220,1169,753,376,377,1430,595,835
19023,Iowa,Butler County,1606,827,779,2619,1374,1245,2314,1156,1158,3446,1704,1742,2041,1019,1022,828,421,407,1524,645,879
19025,Iowa,Calhoun County,1127,579,548,1609,913,696,1686,938,748,2128,1147,981,1443,728,715,460,225,235,1074,429,645
19027,Iowa,Carroll County,2621,1392,1229,3661,1893,1768,3293,1671,1622,4710,2371,2339,2776,1373,1403,878,432,446,2059,804,1255
19029,Iowa,Cass County,1444,720,724,2249,1187,1062,2064,1058,1006,3050,1532,1518,1878,919,959,734,352,382,1421,566,855
19031,Iowa,Cedar County,2006,1030,976,3248,1658,1590,3088,1573,1515,4935,2465,2470,2650,1357,1293,902,451,451,1688,693,995
19033,Iowa,Cerro Gordo County,4784,2436,2348,7274,3758,3516,7148,3604,3544,10099,4977,5122,6343,3083,3260,2338,1068,1270,4261,1687,2574
19035,Iowa,Cherokee County,1308,683,625,1821,902,919,1847,963,884,2570,1323,1247,1729,870,859,595,304,291,1348,546,802
19037,Iowa,Chickasaw County,1469,740,729,2161,1140,1021,1878,968,910,2834,1469,1365,1768,908,860,595,297,298,1167,499,668
19039,Iowa,Clarke County,1237,636,601,1876,1017,859,1564,845,719,2271,1136,1135,1233,635,598,444,220,224,761,302,459
19041,Iowa,Clay County,1992,1000,992,2766,1406,1360,2798,1430,1368,3736,1867,1869,2310,1134,1176,806,368,438,1622,699,923
19043,Iowa,Clayton County,1910,973,937,2846,1471,1375,2662,1384,1278,4118,2128,1990,2868,1467,1401,1037,531,506,1938,836,1102
19045,Iowa,Clinton County,5725,2886,2839,8266,4201,4065,7955,3960,3995,11590,5765,5825,6373,3148,3225,2345,1110,1235,4237,1761,2476
19047,Iowa,Crawford County,2350,1156,1194,3467,1829,1638,2977,1533,1444,3956,2072,1884,2042,1070,972,730,369,361,1371,583,788
19049,Iowa,Dallas County,14582,7509,7073,18568,9330,9238,22105,11005,11100,24366,12287,12079,8451,3945,4506,3185,1456,1729,4924,1967,2957
19051,Iowa,Davis County,1526,782,744,1865,940,925,1454,744,710,1980,1003,977,1104,543,561,396,210,186,725,297,428
19053,Iowa,Decatur County,945,508,437,2073,1095,978,1124,586,538,1527,761,766,984,496,488,381,195,186,773,309,464
19055,Iowa,Delaware County,2092,1087,1005,3137,1619,1518,2602,1350,1252,4294,2167,2127,2473,1261,1212,835,422,413,1544,673,871
19057,Iowa,Des Moines County,4657,2364,2293,6885,3506,3379,6769,3307,3462,9449,4641,4808,5272,2585,2687,2127,990,1137,3686,1511,2175
19059,Iowa,Dickinson County,1773,905,868,2754,1432,1322,2710,1411,1299,4089,2076,2013,2948,1415,1533,1258,631,627,1986,842,1144
19061,Iowa,Dubuque County,12256,6198,6058,19582,9969,9613,18544,9497,9047,22499,11266,11233,12286,5997,6289,4363,2064,2299,8071,3133,4938
19063,Iowa,Emmet County,920,467,453,1739,901,838,1528,814,714,2162,1092,1070,1399,718,681,464,222,242,922,372,550
19065,Iowa,Fayette County,2142,1109,1033,3689,1962,1727,3141,1621,1520,4594,2369,2225,2819,1410,1409,998,495,503,1979,785,1194
19067,Iowa,Floyd County,1894,981,913,2776,1417,1359,2503,1270,1233,3781,1879,1902,2098,1012,1086,847,398,449,1641,717,924
19069,Iowa,Franklin County,1192,618,574,1822,995,827,1611,829,782,2348,1175,1173,1493,754,739,523,262,261,1025,448,577
19071,Iowa,Fremont County,782,422,360,1160,604,556,1035,549,486,1653,819,834,1062,536,526,395,197,198,695,297,398
19073,Iowa,Greene County,1054,529,525,1569,815,754,1392,708,684,2073,1059,1014,1320,648,672,475,227,248,944,378,566
19075,Iowa,Grundy County,1425,745,680,2235,1103,1132,2080,1073,1007,3001,1529,1472,1646,819,827,624,288,336,1219,510,709
19077,Iowa,Guthrie County,1154,575,579,1866,976,890,1588,824,764,2727,1373,1354,1666,848,818,595,293,302,1149,478,671
19079,Iowa,Hamilton County,1810,905,905,2627,1386,1241,2417,1250,1167,3640,1855,1785,2051,1013,1038,765,381,384,1441,583,858
19081,Iowa,Hancock County,1164,599,565,1865,982,883,1700,890,810,2488,1239,1249,1608,826,782,579,287,292,1144,463,681
19083,Iowa,Hardin County,1657,814,843,2905,1584,1321,2809,1443,1366,4035,2030,2005,2563,1331,1232,855,393,462,1829,721,1108
19085,Iowa,Harrison County,1675,856,819,2494,1293,1201,2286,1175,1111,3596,1824,1772,1968,994,974,705,357,348,1231,524,707
19087,Iowa,Henry County,2263,1148,1115,3897,2089,1808,3526,1986,1540,4834,2507,2327,2446,1228,1218,1065,521,544,1715,706,1009
19089,Iowa,Howard County,1202,602,600,1733,893,840,1515,754,761,2140,1101,1039,1258,648,610,424,213,211,908,383,525
19091,Iowa,Humboldt County,1192,593,599,1707,864,843,1632,825,807,2164,1094,1070,1352,662,690,491,245,246,962,398,564
19093,Iowa,Ida County,862,432,430,1340,710,630,1084,552,532,1548,767,781,949,483,466,357,175,182,700,295,405
19095,Iowa,Iowa County,2005,1072,933,2876,1478,1398,2750,1414,1336,4079,2071,2008,2247,1135,1112,698,341,357,1490,589,901
19097,Iowa,Jackson County,2248,1152,1096,3369,1755,1614,3053,1581,1472,4865,2437,2428,2866,1428,1438,1025,506,519,1840,787,1053
19099,Iowa,Jasper County,4375,2278,2097,6496,3392,3104,6946,3812,3134,9452,5025,4427,4816,2396,2420,1763,834,929,3318,1342,1976
19101,Iowa,Jefferson County,1543,798,745,3288,2106,1182,3689,2276,1413,3962,1980,1982,3053,1557,1496,1327,658,669,1471,626,845
19103,Iowa,Johnson County,17236,8838,8398,44671,21809,22862,33452,17304,16148,31172,15834,15338,14330,6770,7560,5223,2471,2752,7423,3068,4355
19105,Iowa,Jones County,2189,1149,1040,3539,1859,1680,3621,1980,1641,5388,2886,2502,2837,1473,1364,1066,508,558,1999,856,1143
19107,Iowa,Keokuk County,1219,625,594,1784,967,817,1658,855,803,2410,1223,1187,1459,752,707,533,267,266,1048,431,617
19109,Iowa,Kossuth County,1706,893,813,2521,1307,1214,2344,1207,1137,3317,1704,1613,2224,1146,1078,818,398,420,1775,770,1005
19111,Iowa,Lee County,3935,2037,1898,5598,2909,2689,5902,3135,2767,8421,4299,4122,4862,2406,2456,1870,896,974,2953,1193,1760
19113,Iowa,Linn County,28146,14282,13864,44364,22395,21969,46436,23527,22909,56941,28402,28539,26010,12500,13510,9754,4502,5252,16146,6553,9593
19115,Iowa,Louisa County,1329,685,644,1962,1084,878,1954,1033,921,2857,1446,1411,1469,719,750,513,272,241,946,377,569
19117,Iowa,Lucas County,1062,556,506,1481,782,699,1344,713,631,2045,1040,1005,1282,640,642,436,206,230,881,395,486
19119,Iowa,Lyon County,1785,941,844,2370,1275,1095,1950,991,959,2673,1383,1290,1412,725,687,525,252,273,1051,413,638
19121,Iowa,Madison County,2026,1055,971,3259,1703,1556,2714,1319,1395,4528,2257,2271,2028,1016,1012,724,364,360,1187,489,698
19123,Iowa,Mahaska County,2958,1485,1473,4668,2633,2035,3883,1941,1942,5200,2667,2533,2867,1456,1411,972,455,517,1843,768,1075
19125,Iowa,Marion County,3939,1984,1955,7159,3749,3410,5544,2844,2700,8180,4133,4047,4122,2056,2066,1504,716,788,2753,1146,1607
19127,Iowa,Marshall County,5259,2686,2573,8017,4231,3786,7097,3678,3419,9149,4693,4456,4914,2408,2506,1796,871,925,3254,1398,1856
19129,Iowa,Mills County,1723,898,825,2719,1400,1319,2335,1164,1171,4025,2026,1999,2113,1053,1060,828,400,428,1101,513,588
19131,Iowa,Mitchell County,1327,664,663,1987,1048,939,1736,884,852,2532,1271,1261,1421,728,693,478,229,249,1144,466,678
19133,Iowa,Monona County,1003,493,510,1479,751,728,1334,662,672,1961,963,998,1282,654,628,439,215,224,1101,426,675
19135,Iowa,Monroe County,906,451,455,1478,766,712,1265,647,618,1936,953,983,1061,543,518,407,173,234,692,294,398
19137,Iowa,Montgomery County,1202,594,608,1771,894,877,1538,790,748,2416,1170,1246,1486,759,727,523,254,269,995,373,622
19139,Iowa,Muscatine County,5560,2846,2714,8299,4199,4100,7984,4117,3867,10365,5225,5140,5182,2559,2623,2034,974,1060,3035,1254,1781
19141,Iowa,O'Brien County,1701,885,816,2611,1369,1242,2323,1261,1062,3153,1577,1576,1886,959,927,618,308,310,1429,560,869
19143,Iowa,Osceola County,712,362,350,1072,571,501,941,515,426,1377,687,690,894,464,430,289,152,137,701,284,417
19145,Iowa,Page County,1436,744,692,2444,1425,1019,2818,1620,1198,3769,2093,1676,2220,1087,1133,820,411,409,1572,636,936
19147,Iowa,Palo Alto County,1074,545,529,1680,889,791,1513,808,705,1927,960,967,1243,629,614,448,219,229,959,367,592
19149,Iowa,Plymouth County,3300,1677,1623,4920,2552,2368,4216,2166,2050,6156,3114,3042,3297,1646,1651,1156,565,591,2168,902,1266
19151,Iowa,Pocahontas County,792,392,400,1123,562,561,1009,519,490,1534,782,752,1027,535,492,365,190,175,757,309,448
19153,Iowa,Polk County,67678,34375,33303,96554,48493,48061,112355,56931,55424,121760,60758,61002,50822,24079,26743,17850,8187,9663,26680,10584,16096
19155,Iowa,Pottawattamie County,11745,6100,5645,17688,9104,8584,17119,8551,8568,23191,11456,11735,12182,5907,6275,4371,2044,2327,7065,2890,4175
19157,Iowa,Poweshiek County,1859,959,900,4431,2200,2231,2787,1400,1387,4090,2028,2062,2453,1190,1263,952,449,503,1810,732,1078
19159,Iowa,Ringgold County,544,301,243,921,474,447,704,356,348,1081,539,542,698,349,349,276,138,138,589,219,370
19161,Iowa,Sac County,1156,606,550,1652,843,809,1471,752,719,2220,1115,1105,1515,763,752,523,256,267,1070,425,645
19163,Iowa,Scott County,22035,11178,10857,32781,16550,16231,34410,17084,17326,43084,21463,21621,20906,10123,10783,7840,3719,4121,12245,4989,7256
19165,Iowa,Shelby County,1325,686,639,2067,1080,987,1642,819,823,2820,1372,1448,1649,847,802,620,296,324,1312,556,756
19167,Iowa,Sioux County,5048,2617,2431,8978,4498,4480,5858,3064,2794,7291,3740,3551,3841,1927,1914,1245,607,638,2761,1098,1663
19169,Iowa,Story County,8739,4451,4288,36507,20033,16474,18108,9865,8243,17320,8793,8527,8965,4376,4589,3058,1470,1588,5384,2238,3146
19171,Iowa,Tama County,2219,1119,1100,3140,1648,1492,2678,1381,1297,4077,2024,2053,2330,1178,1152,811,401,410,1552,635,917
19173,Iowa,Taylor County,779,407,372,1078,596,482,1012,533,479,1396,691,705,850,420,430,345,182,163,661,292,369
19175,Iowa,Union County,1360,664,696,2473,1257,1216,2084,1049,1035,2816,1362,1454,1580,758,822,647,312,335,1184,492,692
19177,Iowa,Van Buren County,884,458,426,1251,678,573,1089,539,550,1709,886,823,1068,534,534,405,190,215,647,293,354
19179,Iowa,Wapello County,4415,2295,2120,6561,3362,3199,6675,3473,3202,8395,4249,4146,4583,2220,2363,1604,742,862,2775,1134,1641
19181,Iowa,Warren County,6685,3423,3262,10835,5500,5335,9563,4755,4808,13270,6597,6673,5929,2879,3050,2257,1073,1184,3540,1482,2058
19183,Iowa,Washington County,2988,1537,1451,4055,2074,1981,3877,1960,1917,5178,2575,2603,2833,1392,1441,1078,531,547,1983,823,1160
19185,Iowa,Wayne County,898,451,447,1210,614,596,1011,493,518,1381,715,666,907,473,434,303,160,143,710,271,439
19187,Iowa,Webster County,4249,2168,2081,7630,4359,3271,6481,3552,2929,8097,4105,3992,4774,2362,2412,1689,786,903,2994,1241,1753
19189,Iowa,Winnebago County,1188,576,612,2064,1071,993,1659,885,774,2311,1157,1154,1489,742,747,503,244,259,1064,407,657
19191,Iowa,Winneshiek County,1822,945,877,4829,2361,2468,2778,1441,1337,4527,2312,2215,2912,1475,1437,1055,528,527,1963,849,1114
19193,Iowa,Woodbury County,14563,7444,7119,22306,11312,10994,20093,10475,9618,24179,12113,12066,11367,5523,5844,4136,1923,2213,6479,2632,3847
19195,Iowa,Worth County,844,460,384,1189,596,593,1317,688,629,1866,951,915,1056,537,519,385,195,190,704,313,391
19197,Iowa,Wright County,1592,821,771,2278,1177,1101,1957,1018,939,2781,1414,1367,1807,936,871,607,296,311,1412,599,813
20001,Kansas,Allen County,1458,757,701,2439,1277,1162,2103,1055,1048,2874,1422,1452,1693,789,904,643,297,346,1209,491,718
20003,Kansas,Anderson County,1095,567,528,1532,798,734,1236,639,597,1828,900,928,1030,511,519,413,193,220,835,360,475
20005,Kansas,Atchison County,1903,950,953,3974,1941,2033,2658,1347,1311,3584,1768,1816,1913,938,975,703,323,380,1340,526,814
20007,Kansas,Barber County,558,285,273,738,373,365,713,378,335,920,458,462,724,382,342,273,132,141,457,200,257
20009,Kansas,Barton County,3256,1676,1580,5042,2554,2488,4529,2259,2270,5770,2899,2871,3610,1746,1864,1211,601,610,2344,976,1368
20011,Kansas,Bourbon County,2004,1054,950,2976,1541,1435,2430,1235,1195,3169,1555,1614,1899,888,1011,745,347,398,1276,537,739
20013,Kansas,Brown County,1350,694,656,1714,874,840,1575,799,776,2175,1099,1076,1361,660,701,501,236,265,845,342,503
20015,Kansas,Butler County,8558,4383,4175,13995,7273,6722,12428,6511,5917,16732,8440,8292,8154,4017,4137,2716,1306,1410,4440,1858,2582
20017,Kansas,Chase County,280,163,117,455,230,225,423,241,182,613,314,299,348,178,170,173,77,96,296,122,174
20019,Kansas,Chautauqua County,381,201,180,505,264,241,534,276,258,707,369,338,506,255,251,207,95,112,416,201,215
20021,Kansas,Cherokee County,2369,1203,1166,3683,1892,1791,3303,1650,1653,5065,2513,2552,2630,1280,1350,1037,507,530,1685,716,969
20023,Kansas,Cheyenne County,320,188,132,397,213,184,417,218,199,532,269,263,414,205,209,181,85,96,355,140,215
20025,Kansas,Clark County,244,132,112,388,189,199,329,169,160,458,228,230,237,110,127,99,45,54,224,86,138
20027,Kansas,Clay County,1019,528,491,1384,720,664,1301,664,637,1880,945,935,1106,539,567,456,214,242,902,390,512
20029,Kansas,Cloud County,1133,588,545,1699,904,795,1468,760,708,1917,968,949,1118,560,558,448,222,226,918,328,590
20031,Kansas,Coffey County,921,474,447,1397,706,691,1384,705,679,2019,992,1027,1190,587,603,463,232,231,806,334,472
20033,Kansas,Comanche County,211,108,103,309,149,160,235,118,117,371,197,174,245,118,127,113,50,63,217,93,124
20035,Kansas,Cowley County,4319,2201,2118,7203,3687,3516,6223,3259,2964,8174,4165,4009,4215,2061,2154,1627,775,852,2973,1238,1735
20037,Kansas,Crawford County,4680,2404,2276,10700,5611,5089,6780,3476,3304,8184,4087,4097,4139,1952,2187,1550,732,818,2736,1054,1682
20039,Kansas,Decatur County,330,173,157,377,200,177,428,219,209,580,300,280,484,250,234,183,92,91,405,161,244
20041,Kansas,Dickinson County,2113,1086,1027,3355,1740,1615,3172,1628,1544,4541,2302,2239,2512,1276,1236,871,421,450,1766,733,1033
20043,Kansas,Doniphan County,859,442,417,1571,821,750,1245,620,625,1779,892,887,1042,553,489,383,202,181,651,266,385
20045,Kansas,Douglas County,11947,6047,5900,38150,19381,18769,25199,13105,12094,24988,12325,12663,11746,5499,6247,4298,2037,2261,6218,2523,3695
20047,Kansas,Edwards County,335,184,151,503,250,253,405,210,195,653,339,314,432,221,211,147,69,78,282,128,154
20049,Kansas,Elk County,304,159,145,401,205,196,326,163,163,545,274,271,411,206,205,176,87,89,344,154,190
20051,Kansas,Ellis County,3303,1714,1589,7616,3847,3769,5503,2855,2648,5835,2955,2880,3252,1597,1655,1125,532,593,2062,844,1218
20053,Kansas,Ellsworth County,571,284,287,1015,640,375,1248,812,436,1470,888,582,853,426,427,313,156,157,583,241,342
20055,Kansas,Finney County,6057,3096,2961,8602,4513,4089,7337,3899,3438,8117,4160,3957,3243,1638,1605,1025,499,526,1705,741,964
20057,Kansas,Ford County,5589,2821,2768,7716,4158,3558,6677,3649,3028,7560,3859,3701,3048,1563,1485,926,451,475,1679,699,980
20059,Kansas,Franklin County,3215,1613,1602,5027,2622,2405,4684,2348,2336,6456,3279,3177,3287,1636,1651,1163,571,592,1874,784,1090
20061,Kansas,Geary County,6894,3499,3395,7832,4487,3345,9292,5083,4209,4412,2224,2188,1669,779,890,777,355,422,1308,522,786
20063,Kansas,Gove County,356,191,165,467,233,234,397,209,188,550,291,259,388,194,194,149,75,74,331,135,196
20065,Kansas,Graham County,257,127,130,380,195,185,349,174,175,560,274,286,394,191,203,123,50,73,341,166,175
20067,Kansas,Grant County,1123,581,542,1687,870,817,1215,615,600,1618,830,788,743,379,364,288,137,151,430,175,255
20069,Kansas,Gray County,893,466,427,1349,708,641,1009,494,515,1390,717,673,668,354,314,222,107,115,451,196,255
20071,Kansas,Greeley County,179,96,83,216,101,115,213,105,108,252,133,119,171,87,84,53,29,24,118,46,72
20073,Kansas,Greenwood County,647,335,312,989,533,456,803,398,405,1427,719,708,954,469,485,411,216,195,682,303,379
20075,Kansas,Hamilton County,356,189,167,495,283,212,492,246,246,607,308,299,262,135,127,96,44,52,151,70,81
20077,Kansas,Harper County,732,369,363,941,506,435,844,440,404,1175,611,564,771,385,386,287,125,162,617,249,368
20079,Kansas,Harvey County,4222,2163,2059,7309,3849,3460,5921,3002,2919,7695,3778,3917,4294,2099,2195,1570,741,829,3339,1390,1949
20081,Kansas,Haskell County,581,278,303,898,478,420,689,354,335,908,445,463,470,240,230,158,83,75,245,98,147
20083,Kansas,Hodgeman County,220,118,102,307,143,164,292,159,133,386,191,195,270,154,116,92,50,42,214,97,117
20085,Kansas,Jackson County,1771,904,867,2541,1352,1189,2086,1050,1036,3285,1639,1646,1704,860,844,677,315,362,1090,489,601
20087,Kansas,Jefferson County,2166,1136,1030,3435,1776,1659,3116,1580,1536,5087,2598,2489,2715,1366,1349,966,499,467,1581,730,851
20089,Kansas,Jewell County,315,169,146,439,235,204,387,211,176,571,294,277,506,259,247,197,103,94,423,187,236
20091,Kansas,Johnson County,77484,39218,38266,115189,58856,56333,127968,64540,63428,156225,76847,79378,67354,31403,35951,24822,11553,13269,37397,15403,21994
20093,Kansas,Kearny County,622,318,304,787,424,363,723,365,358,812,386,426,385,200,185,149,72,77,294,113,181
20095,Kansas,Kingman County,783,446,337,1233,623,610,1122,567,555,1726,857,869,1080,548,532,328,159,169,726,304,422
20097,Kansas,Kiowa County,337,169,168,502,234,268,369,182,187,530,279,251,355,193,162,130,61,69,238,89,149
20099,Kansas,Labette County,2591,1359,1232,3604,1885,1719,3395,1737,1658,4717,2370,2347,2555,1263,1292,1008,472,536,1754,724,1030
20101,Kansas,Lane County,209,121,88,237,104,133,223,116,107,373,191,182,221,109,112,91,39,52,162,75,87
20103,Kansas,Leavenworth County,10787,5599,5188,14953,8050,6903,17604,10226,7378,21125,11511,9614,9360,4656,4704,3397,1639,1758,4975,2081,2894
20105,Kansas,Lincoln County,327,181,146,539,284,255,412,206,206,671,341,330,490,240,250,206,117,89,334,125,209
20107,Kansas,Linn County,1035,561,474,1713,870,843,1400,719,681,2573,1300,1273,1418,739,679,600,294,306,938,457,481
20109,Kansas,Logan County,400,209,191,451,230,221,498,266,232,579,293,286,412,217,195,119,60,59,276,102,174
20111,Kansas,Lyon County,3961,2018,1943,9038,4252,4786,5987,3052,2935,6736,3394,3342,3758,1842,1916,1314,657,657,2326,929,1397
20113,Kansas,McPherson County,3304,1629,1675,5621,2876,2745,5147,2644,2503,6496,3236,3260,3807,1882,1925,1333,639,694,2786,1133,1653
20115,Kansas,Marion County,1262,647,615,2361,1228,1133,1701,858,843,2661,1338,1323,1692,855,837,643,308,335,1368,588,780
20117,Kansas,Marshall County,1284,646,638,1691,853,838,1525,769,756,2170,1094,1076,1459,733,726,472,249,223,1059,460,599
20119,Kansas,Meade County,587,301,286,796,435,361,685,363,322,927,450,477,500,266,234,165,87,78,379,164,215
20121,Kansas,Miami County,4301,2207,2094,6538,3356,3182,5764,2932,2832,9216,4650,4566,4324,2138,2186,1504,739,765,2659,1115,1544
20123,Kansas,Mitchell County,758,392,366,1148,632,516,875,455,420,1266,635,631,811,407,404,365,188,177,678,278,400
20125,Kansas,Montgomery County,3928,1982,1946,6310,3430,2880,5343,2667,2676,7234,3544,3690,4201,2077,2124,1623,789,834,2937,1174,1763
20127,Kansas,Morris County,618,314,304,867,453,414,923,481,442,1268,642,626,903,433,470,336,175,161,650,279,371
20129,Kansas,Morton County,307,146,161,483,246,237,387,213,174,635,325,310,335,169,166,118,61,57,280,104,176
20131,Kansas,Nemaha County,1509,797,712,1974,1035,939,1660,870,790,2250,1167,1083,1241,644,597,425,202,223,1076,443,633
20133,Kansas,Neosho County,2111,1107,1004,3119,1616,1503,2668,1343,1325,3668,1836,1832,2101,1053,1048,797,374,423,1469,596,873
20135,Kansas,Ness County,345,187,158,452,218,234,422,198,224,583,306,277,469,238,231,138,69,69,361,138,223
20137,Kansas,Norton County,561,292,269,869,498,371,1101,712,389,1352,801,551,645,330,315,259,123,136,564,236,328
20139,Kansas,Osage County,1816,928,888,2926,1542,1384,2562,1297,1265,3989,1968,2021,2320,1156,1164,829,417,412,1362,613,749
20141,Kansas,Osborne County,412,225,187,534,274,260,548,292,256,764,377,387,527,283,244,182,93,89,466,185,281
20143,Kansas,Ottawa County,626,333,293,1102,621,481,853,459,394,1496,759,737,813,404,409,286,146,140,534,241,293
20145,Kansas,Pawnee County,497,260,237,998,642,356,1229,755,474,1729,1025,704,949,493,456,328,164,164,640,240,400
20147,Kansas,Phillips County,638,341,297,895,453,442,804,411,393,1177,578,599,766,396,370,352,188,164,561,234,327
20149,Kansas,Pottawatomie County,3904,1917,1987,5176,2682,2494,4795,2393,2402,5637,2862,2775,2674,1295,1379,962,492,470,1521,627,894
20151,Kansas,Pratt County,1227,618,609,1839,1008,831,1555,782,773,1891,924,967,1287,633,654,408,201,207,907,358,549
20153,Kansas,Rawlins County,321,176,145,381,195,186,406,212,194,517,268,249,407,203,204,152,80,72,335,145,190
20155,Kansas,Reno County,6948,3613,3335,12011,6329,5682,11326,6104,5222,14517,7368,7149,8209,3976,4233,3021,1389,1632,5824,2324,3500
20157,Kansas,Republic County,523,284,239,715,358,357,678,358,320,973,475,498,748,375,373,279,143,136,628,254,374
20159,Kansas,Rice County,1164,600,564,2121,1134,987,1553,844,709,1984,1003,981,1300,642,658,412,196,216,876,342,534
20161,Kansas,Riley County,7360,3751,3609,27683,15102,12581,16691,9215,7476,10990,5389,5601,5402,2596,2806,1913,903,1010,3058,1284,1774
20163,Kansas,Rooks County,589,296,293,829,417,412,795,376,419,1101,564,537,728,355,373,276,136,140,536,218,318
20165,Kansas,Rush County,282,159,123,487,262,225,438,237,201,730,390,340,487,239,248,174,80,94,358,150,208
20167,Kansas,Russell County,848,460,388,1079,547,532,1074,538,536,1541,755,786,1032,505,527,394,190,204,844,358,486
20169,Kansas,Saline County,6677,3380,3297,10516,5478,5038,9971,5143,4828,12930,6435,6495,6894,3341,3553,2493,1170,1323,4484,1843,2641
20171,Kansas,Scott County,634,320,314,985,523,462,843,438,405,1059,543,516,591,288,303,222,125,97,464,194,270
20173,Kansas,Sedgwick County,71814,36797,35017,107456,54878,52578,108655,54288,54367,119611,59007,60604,59300,28504,30796,20583,9685,10898,31918,13340,18578
20175,Kansas,Seward County,3627,1824,1803,5227,2732,2495,4290,2239,2051,4653,2447,2206,1730,875,855,561,270,291,992,379,613
20177,Kansas,Shawnee County,22024,11250,10774,33780,17145,16635,32777,16011,16766,41884,20284,21600,22985,10721,12264,8631,4006,4625,14169,5820,8349
20179,Kansas,Sheridan County,316,169,147,468,243,225,378,200,178,548,278,270,361,182,179,139,77,62,307,126,181
20181,Kansas,Sherman County,762,390,372,1114,571,543,1024,528,496,1263,627,636,798,416,382,288,139,149,546,241,305
20183,Kansas,Smith County,380,177,203,553,296,257,470,237,233,801,405,396,609,318,291,235,126,109,491,210,281
20185,Kansas,Stafford County,530,273,257,745,409,336,635,333,302,929,448,481,580,298,282,188,107,81,444,183,261
20187,Kansas,Stanton County,272,133,139,453,232,221,315,162,153,463,228,235,221,119,102,78,25,53,167,78,89
20189,Kansas,Stevens County,797,384,413,1223,587,636,887,447,440,1293,690,603,587,293,294,182,79,103,414,165,249
20191,Kansas,Sumner County,2814,1448,1366,4327,2241,2086,3812,1961,1851,5400,2715,2685,3231,1637,1594,1080,523,557,1950,796,1154
20193,Kansas,Thomas County,1064,560,504,1771,849,922,1403,715,688,1537,760,777,974,483,491,294,150,144,655,261,394
20195,Kansas,Trego County,293,166,127,372,184,188,462,242,220,652,329,323,511,251,260,159,83,76,317,137,180
20197,Kansas,Wabaunsee County,851,453,398,1224,638,586,1051,535,516,1723,882,841,1049,537,512,390,207,183,605,262,343
20199,Kansas,Wallace County,249,120,129,265,136,129,230,117,113,312,159,153,213,113,100,81,45,36,174,77,97
20201,Kansas,Washington County,750,397,353,908,478,430,821,427,394,1214,639,575,761,390,371,300,155,145,678,271,407
20203,Kansas,Wichita County,288,164,124,435,211,224,310,163,147,466,253,213,291,161,130,87,47,40,209,94,115
20205,Kansas,Wilson County,1070,558,512,1483,755,728,1337,663,674,1902,969,933,1268,612,656,489,251,238,839,345,494
20207,Kansas,Woodson County,321,182,139,488,247,241,471,227,244,707,382,325,525,261,264,195,101,94,321,137,184
20209,Kansas,Wyandotte County,25537,13166,12371,34437,17534,16903,36110,18235,17875,38505,19397,19108,17125,8239,8886,5476,2437,3039,8316,3334,4982
21001,Kentucky,Adair County,1996,1063,933,4293,2237,2056,3283,1647,1636,4865,2348,2517,2534,1258,1276,1010,496,514,1578,685,893
21003,Kentucky,Allen County,2627,1381,1246,3781,1975,1806,3960,1937,2023,5627,2782,2845,2676,1335,1341,1091,509,582,1582,700,882
21005,Kentucky,Anderson County,2812,1476,1336,4200,2181,2019,4134,1977,2157,6468,3186,3282,2706,1359,1347,1043,462,581,1473,579,894
21007,Kentucky,Ballard County,840,440,400,1373,715,658,1245,634,611,2053,1028,1025,1125,551,574,430,212,218,729,302,427
21009,Kentucky,Barren County,5744,2935,2809,7993,4009,3984,8127,4056,4071,11401,5542,5859,5547,2620,2927,2099,968,1131,3416,1285,2131
21011,Kentucky,Bath County,1744,921,823,2386,1225,1161,2128,1020,1108,3232,1617,1615,1576,781,795,558,254,304,886,377,509
21013,Kentucky,Bell County,2996,1550,1446,4422,2322,2100,4602,2327,2275,6654,3275,3379,3411,1607,1804,1437,660,777,2127,848,1279
21015,Kentucky,Boone County,18355,9398,8957,27367,13984,13383,25735,13020,12715,36317,18018,18299,14564,6978,7586,5380,2477,2903,7330,3097,4233
21017,Kentucky,Bourbon County,2408,1282,1126,3626,1866,1760,3395,1709,1686,5157,2458,2699,2547,1212,1335,1074,506,568,1695,711,984
21019,Kentucky,Boyd County,5352,2718,2634,7782,3976,3806,8511,4498,4013,12073,6132,5941,6317,2926,3391,2531,1200,1331,4074,1628,2446
21021,Kentucky,Boyle County,3326,1723,1603,6310,3211,3099,5439,3006,2433,7344,3671,3673,3701,1722,1979,1563,708,855,2635,1033,1602
21023,Kentucky,Bracken County,1010,515,495,1556,811,745,1444,728,716,2218,1108,1110,1126,569,557,396,192,204,567,239,328
21025,Kentucky,Breathitt County,1524,803,721,2024,1079,945,2306,1189,1117,3516,1748,1768,1758,825,933,646,318,328,811,320,491
21027,Kentucky,Breckinridge County,2444,1267,1177,3697,1903,1794,3354,1734,1620,5340,2659,2681,2960,1453,1507,1129,568,561,1632,721,911
21029,Kentucky,Bullitt County,8967,4687,4280,14734,7560,7174,16168,8098,8070,22973,11396,11577,10068,4888,5180,3888,1803,2085,5342,2388,2954
21031,Kentucky,Butler County,1593,818,775,2180,1148,1032,2327,1174,1153,3331,1703,1628,1680,819,861,621,314,307,1022,446,576
21033,Kentucky,Caldwell County,1545,808,737,2213,1112,1101,2195,1072,1123,3140,1559,1581,1723,823,900,751,340,411,1148,460,688
21035,Kentucky,Calloway County,3831,1957,1874,10669,5142,5527,6839,3475,3364,8622,4311,4311,4508,2136,2372,1817,865,952,2994,1257,1737
21037,Kentucky,Campbell County,10746,5516,5230,17783,8826,8957,19916,10113,9803,23239,11515,11724,12074,5812,6262,4025,1869,2156,6252,2549,3703
21039,Kentucky,Carlisle County,615,325,290,784,400,384,804,405,399,1186,606,580,609,294,315,237,119,118,468,181,287
21041,Kentucky,Carroll County,1591,804,787,2039,1035,1004,1997,1032,965,2663,1370,1293,1268,627,641,474,214,260,699,292,407
21043,Kentucky,Carter County,3255,1662,1593,4941,2555,2386,4538,2279,2259,6820,3338,3482,3444,1687,1757,1461,691,770,2168,910,1258
21045,Kentucky,Casey County,2036,1038,998,2821,1425,1396,2807,1389,1418,4032,2024,2008,2103,1010,1093,939,434,505,1386,548,838
21047,Kentucky,Christian County,12214,6315,5899,18503,11555,6948,16259,8927,7332,12368,5921,6447,5845,2746,3099,2300,1020,1280,4079,1604,2475
21049,Kentucky,Clark County,4445,2314,2131,6432,3315,3117,6752,3337,3415,9714,4689,5025,4530,2115,2415,1866,842,1024,2730,1135,1595
21051,Kentucky,Clay County,2281,1123,1158,3215,1704,1511,4380,2530,1850,5424,2844,2580,2373,1163,1210,860,386,474,1187,481,706
21053,Kentucky,Clinton County,1163,555,608,1763,928,835,1767,863,904,2633,1309,1324,1373,663,710,572,280,292,867,368,499
21055,Kentucky,Crittenden County,1013,518,495,1604,848,756,1477,778,699,2244,1116,1128,1208,607,601,497,237,260,805,353,452
21057,Kentucky,Cumberland County,771,393,378,1019,516,503,1067,514,553,1632,778,854,1018,523,495,404,203,201,648,266,382
21059,Kentucky,Daviess County,13757,7071,6686,19420,9841,9579,19489,9708,9781,24676,12116,12560,12370,5852,6518,4707,2165,2542,7518,2993,4525
21061,Kentucky,Edmonson County,1141,589,552,2050,1109,941,2185,1108,1077,3338,1679,1659,1703,846,857,721,339,382,1086,487,599
21063,Kentucky,Elliott County,679,352,327,1165,657,508,1521,1017,504,2002,1177,825,970,501,469,400,196,204,668,296,372
21065,Kentucky,Estill County,1586,789,797,2427,1257,1170,2430,1258,1172,3991,1984,2007,1807,852,955,788,358,430,1112,478,634
21067,Kentucky,Fayette County,37697,19214,18483,74776,37404,37372,71219,35963,35256,76462,37896,38566,33915,15571,18344,12307,5504,6803,18332,7183,11149
21069,Kentucky,Fleming County,1933,971,962,2737,1402,1335,2454,1196,1258,3801,1866,1935,1844,902,942,769,355,414,1062,469,593
21071,Kentucky,Floyd County,4269,2209,2060,6105,3252,2853,6142,3003,3139,9311,4455,4856,4921,2296,2625,1877,858,1019,2505,1019,1486
21073,Kentucky,Franklin County,5760,2928,2832,9408,4667,4741,9763,4899,4864,13286,6429,6857,6577,3023,3554,2616,1187,1429,3691,1514,2177
21075,Kentucky,Fulton County,714,379,335,991,540,451,1153,627,526,1364,657,707,875,420,455,327,136,191,538,216,322
21077,Kentucky,Gallatin County,1121,587,534,1664,857,807,1665,862,803,2443,1225,1218,1079,555,524,368,181,187,459,200,259
21079,Kentucky,Garrard County,2073,1112,961,2968,1562,1406,2991,1425,1566,4974,2496,2478,2501,1202,1299,888,425,463,1346,548,798
21081,Kentucky,Grant County,3621,1877,1744,5231,2619,2612,4695,2415,2280,6607,3329,3278,2775,1344,1431,987,457,530,1437,633,804
21083,Kentucky,Graves County,4974,2538,2436,6577,3358,3219,6636,3279,3357,9184,4528,4656,4698,2229,2469,1847,882,965,3018,1247,1771
21085,Kentucky,Grayson County,3367,1703,1664,4814,2553,2261,4825,2502,2323,6740,3457,3283,3520,1672,1848,1308,629,679,1905,806,1099
21087,Kentucky,Green County,1209,594,615,1822,962,860,1822,913,909,2951,1468,1483,1570,795,775,640,305,335,982,411,571
21089,Kentucky,Greenup County,3916,2034,1882,5986,3128,2858,5877,2945,2932,9041,4356,4685,4861,2236,2625,2053,928,1125,3241,1345,1896
21091,Kentucky,Hancock County,1126,598,528,1713,950,763,1467,730,737,2311,1175,1136,1028,535,493,435,207,228,660,301,359
21093,Kentucky,Hardin County,14842,7629,7213,22226,11911,10315,22645,11508,11137,28205,13948,14257,12371,5793,6578,4315,1962,2353,6667,2678,3989
21095,Kentucky,Harlan County,3347,1606,1741,4289,2177,2112,4712,2296,2416,6515,3131,3384,3541,1662,1879,1423,647,776,1848,734,1114
21097,Kentucky,Harrison County,2300,1148,1152,3432,1764,1668,3300,1662,1638,5065,2494,2571,2537,1225,1312,900,430,470,1380,544,836
21099,Kentucky,Hart County,2592,1289,1303,3534,1799,1735,3340,1694,1646,4951,2473,2478,2440,1208,1232,885,398,487,1305,550,755
21101,Kentucky,Henderson County,5361,2823,2538,8190,4154,4036,8290,4057,4233,11351,5541,5810,6087,2804,3283,2193,1004,1189,3419,1379,2040
21103,Kentucky,Henry County,1977,1023,954,2988,1591,1397,2831,1389,1442,4212,2055,2157,2152,1053,1099,817,366,451,1114,474,640
21105,Kentucky,Hickman County,414,210,204,708,357,351,662,328,334,1132,565,567,626,286,340,290,135,155,540,215,325
21107,Kentucky,Hopkins County,5445,2706,2739,7983,4074,3909,8230,4115,4115,11295,5529,5766,5967,2793,3174,2236,1058,1178,3525,1450,2075
21109,Kentucky,Jackson County,1701,890,811,2263,1223,1040,2332,1159,1173,3654,1796,1858,1827,885,942,636,296,340,926,397,529
21111,Kentucky,Jefferson County,93880,48095,45785,139751,70840,68911,164873,81934,82939,188579,91043,97536,94091,43452,50639,34408,15573,18835,52353,20411,31942
21113,Kentucky,Jessamine County,6923,3556,3367,10933,5502,5431,10161,4939,5222,13857,6643,7214,6347,2970,3377,2338,1069,1269,3511,1583,1928
21115,Kentucky,Johnson County,2587,1315,1272,3963,2096,1867,3864,1913,1951,5874,2861,3013,2938,1363,1575,1203,630,573,1624,685,939
21117,Kentucky,Kenton County,21633,11164,10469,31047,15875,15172,36587,18461,18126,42191,20901,21290,19738,9527,10211,6966,3232,3734,9684,3884,5800
21119,Kentucky,Knott County,1563,803,760,2761,1428,1333,2270,1111,1159,3940,1922,2018,2134,1066,1068,823,416,407,1109,449,660
21121,Kentucky,Knox County,3944,1986,1958,6014,3162,2852,5744,2863,2881,7941,3878,4063,3547,1639,1908,1506,685,821,2378,968,1410
21123,Kentucky,Larue County,1708,872,836,2594,1363,1231,2690,1361,1329,3791,1858,1933,1853,899,954,670,331,339,1105,447,658
21125,Kentucky,Laurel County,7658,3904,3754,11124,5693,5431,11777,5815,5962,16140,7935,8205,7519,3539,3980,2837,1371,1466,4101,1711,2390
21127,Kentucky,Lawrence County,2043,1083,960,2705,1388,1317,2701,1351,1350,4080,2027,2053,2060,974,1086,786,385,401,1055,460,595
21129,Kentucky,Lee County,730,396,334,1109,612,497,1534,993,541,2088,1174,914,975,516,459,397,193,204,471,201,270
21131,Kentucky,Leslie County,1141,609,532,1573,820,753,1744,888,856,2660,1308,1352,1371,675,696,495,244,251,720,289,431
21133,Kentucky,Letcher County,2524,1308,1216,3462,1801,1661,3678,1854,1824,5655,2722,2933,3132,1486,1646,1234,593,641,1615,684,931
21135,Kentucky,Lewis County,1599,818,781,2316,1191,1125,2257,1135,1122,3567,1774,1793,1814,877,937,681,342,339,1042,488,554
21137,Kentucky,Lincoln County,3225,1660,1565,4369,2242,2127,4191,2085,2106,6455,3157,3298,3059,1471,1588,1217,545,672,1965,842,1123
21139,Kentucky,Livingston County,968,531,437,1416,711,705,1417,695,722,2460,1200,1260,1378,683,695,553,264,289,870,379,491
21141,Kentucky,Logan County,3636,1877,1759,4877,2497,2380,4965,2490,2475,6805,3352,3453,3505,1665,1840,1340,603,737,2221,978,1243
21143,Kentucky,Lyon County,564,294,270,1132,644,488,1416,981,435,2207,1273,934,1348,659,689,598,290,308,895,390,505
21145,Kentucky,McCracken County,7966,4094,3872,11255,5684,5571,11949,5811,6138,16260,7834,8426,8800,4104,4696,3495,1569,1926,5924,2276,3648
21147,Kentucky,McCreary County,2045,1033,1012,3015,1675,1340,3614,2236,1378,4644,2572,2072,1892,929,963,800,373,427,1112,506,606
21149,Kentucky,McLean County,1095,566,529,1680,868,812,1486,747,739,2320,1136,1184,1236,592,644,485,228,257,802,359,443
21151,Kentucky,Madison County,10633,5369,5264,24866,12051,12815,17483,8826,8657,22307,10910,11397,9673,4547,5126,3701,1696,2005,5334,2148,3186
21153,Kentucky,Magoffin County,1478,786,692,2064,1034,1030,2062,1050,1012,3327,1673,1654,1678,824,854,607,272,335,844,385,459
21155,Kentucky,Marion County,2482,1290,1192,3662,1850,1812,3470,1807,1663,5053,2526,2527,2366,1173,1193,894,414,480,1360,526,834
21157,Kentucky,Marshall County,3354,1774,1580,5076,2618,2458,5216,2576,2640,8124,4012,4112,4517,2222,2295,1840,889,951,3022,1283,1739
21159,Kentucky,Martin County,1098,572,526,1844,1032,812,2588,1782,806,2882,1515,1367,1391,667,724,553,269,284,725,283,442
21161,Kentucky,Mason County,2148,1082,1066,3103,1654,1449,3001,1486,1515,4406,2143,2263,2263,1061,1202,876,395,481,1232,475,757
21163,Kentucky,Meade County,3287,1690,1597,5386,2806,2580,5806,2934,2872,7887,3967,3920,3431,1723,1708,1201,614,587,1611,725,886
21165,Kentucky,Menifee County,601,295,306,1105,620,485,1040,536,504,1835,922,913,990,503,487,380,174,206,548,222,326
21167,Kentucky,Mercer County,2603,1387,1216,3792,1946,1846,3859,1944,1915,5823,2832,2991,2964,1461,1503,1136,520,616,1708,665,1043
21169,Kentucky,Metcalfe County,1281,663,618,1751,909,842,1716,865,851,2602,1290,1312,1332,653,679,491,212,279,877,373,504
21171,Kentucky,Monroe County,1360,729,631,1879,1010,869,1758,878,880,2754,1392,1362,1418,687,731,532,242,290,875,357,518
21173,Kentucky,Montgomery County,3565,1853,1712,5096,2638,2458,5405,2708,2697,7693,3714,3979,3225,1486,1739,1331,576,755,1857,759,1098
21175,Kentucky,Morgan County,1252,680,572,2147,1296,851,2880,1864,1016,3677,2081,1596,1788,935,853,586,303,283,852,382,470
21177,Kentucky,Muhlenberg County,3413,1786,1627,5573,3032,2541,5518,3008,2510,7892,4078,3814,3859,1876,1983,1645,785,860,2610,1028,1582
21179,Kentucky,Nelson County,5886,3082,2804,8481,4404,4077,8910,4410,4500,12253,6044,6209,5875,2840,3035,2123,1013,1110,2875,1141,1734
21181,Kentucky,Nicholas County,940,470,470,1365,700,665,1240,607,633,1973,1009,964,878,417,461,338,158,180,496,226,270
21183,Kentucky,Ohio County,2976,1543,1433,4525,2381,2144,4262,2170,2092,6120,3056,3064,2974,1458,1516,1206,553,653,1873,816,1057
21185,Kentucky,Oldham County,8124,4130,3994,14275,7474,6801,11332,6382,4950,19947,10606,9341,7108,3532,3576,2769,1367,1402,3406,1508,1898
21187,Kentucky,Owen County,1191,614,577,2028,1008,1020,1857,932,925,2972,1479,1493,1555,790,765,556,266,290,813,365,448
21189,Kentucky,Owsley County,541,262,279,718,355,363,775,402,373,1108,551,557,623,309,314,191,89,102,392,168,224
21191,Kentucky,Pendleton County,1780,929,851,2632,1390,1242,2597,1338,1259,3994,2067,1927,1958,980,978,692,356,336,922,395,527
21193,Kentucky,Perry County,3323,1730,1593,4296,2261,2035,4702,2358,2344,6818,3262,3556,3490,1661,1829,1214,591,623,1695,763,932
21195,Kentucky,Pike County,6270,3223,3047,10042,5177,4865,9737,4959,4778,15610,7581,8029,8132,3893,4239,3119,1364,1755,4356,1789,2567
21197,Kentucky,Powell County,1636,864,772,2223,1116,1107,2323,1179,1144,3194,1613,1581,1542,742,800,583,278,305,725,291,434
21199,Kentucky,Pulaski County,7676,3971,3705,11400,5844,5556,11641,5713,5928,17345,8444,8901,8641,4122,4519,3533,1654,1879,5222,2172,3050
21201,Kentucky,Robertson County,231,114,117,348,186,162,323,161,162,572,295,277,307,151,156,113,55,58,246,115,131
21203,Kentucky,Rockcastle County,1829,933,896,2890,1445,1445,2906,1446,1460,4685,2318,2367,2237,1100,1137,883,388,495,1308,578,730
21205,Kentucky,Rowan County,2676,1354,1322,7571,3689,3882,4309,2212,2097,5177,2474,2703,2476,1140,1336,912,409,503,1525,637,888
21207,Kentucky,Russell County,2259,1154,1105,3059,1582,1477,2920,1446,1474,4642,2256,2386,2539,1188,1351,992,522,470,1552,653,899
21209,Kentucky,Scott County,7642,3899,3743,12007,6010,5997,12384,6191,6193,15573,7753,7820,5854,2769,3085,2013,910,1103,2643,1101,1542
21211,Kentucky,Shelby County,6013,3116,2897,9182,4640,4542,9521,4513,5008,13432,6500,6932,5974,2856,3118,2263,1083,1180,3067,1359,1708
21213,Kentucky,Simpson County,2388,1211,1177,3523,1797,1726,3499,1753,1746,4810,2350,2460,2255,1067,1188,866,388,478,1266,516,750
21215,Kentucky,Spencer County,2281,1172,1109,3432,1781,1651,3434,1691,1743,5947,2997,2950,2546,1294,1252,823,409,414,1034,481,553
21217,Kentucky,Taylor County,3223,1644,1579,5499,2800,2699,4645,2380,2265,5857,2863,2994,3160,1446,1714,1302,598,704,2007,806,1201
21219,Kentucky,Todd County,1784,914,870,2531,1307,1224,2127,1078,1049,3104,1546,1558,1456,742,714,539,265,274,876,379,497
21221,Kentucky,Trigg County,1641,891,750,2499,1245,1254,2164,1101,1063,3798,1836,1962,2244,1088,1156,964,481,483,1426,690,736
21223,Kentucky,Trimble County,975,516,459,1478,748,730,1482,736,746,2372,1203,1169,1102,552,550,459,220,239,606,273,333
21225,Kentucky,Union County,1344,712,632,3477,2208,1269,2503,1280,1223,3482,1698,1784,1976,949,1027,725,352,373,927,367,560
21227,Kentucky,Warren County,17245,8736,8509,34524,17168,17356,26566,13581,12985,30703,15026,15677,12949,6012,6937,4900,2304,2596,7231,2974,4257
21229,Kentucky,Washington County,1544,812,732,2194,1149,1045,2050,1022,1028,3218,1607,1611,1563,755,808,558,264,294,995,357,638
21231,Kentucky,Wayne County,2256,1172,1084,3328,1712,1616,3418,1743,1675,5210,2576,2634,2927,1425,1502,1205,558,647,1859,822,1037
21233,Kentucky,Webster County,1650,830,820,2283,1153,1130,2332,1228,1104,3346,1673,1673,1745,860,885,586,281,305,972,414,558
21235,Kentucky,Whitley County,5308,2805,2503,7958,4090,3868,6463,3188,3275,8602,4149,4453,4017,1904,2113,1567,749,818,2493,1017,1476
21237,Kentucky,Wolfe County,884,464,420,1244,644,600,1160,558,602,1892,918,974,996,479,517,376,206,170,560,221,339
21239,Kentucky,Woodford County,3094,1619,1475,4941,2257,2684,4325,2148,2177,7045,3431,3614,3827,1812,2015,1483,740,743,2006,820,1186
22001,Louisiana,Acadia Parish,8593,4388,4205,12383,6401,5982,12016,5970,6046,14980,7187,7793,7360,3555,3805,2523,1168,1355,4177,1672,2505
22003,Louisiana,Allen Parish,3126,1634,1492,4514,2486,2028,5966,3975,1991,6526,3917,2609,2716,1380,1336,983,464,519,1678,687,991
22005,Louisiana,Ascension Parish,18350,9373,8977,25900,13318,12582,27375,13393,13982,33383,16317,17066,12890,6189,6701,4423,2123,2300,5970,2450,3520
22007,Louisiana,Assumption Parish,2367,1222,1145,3805,1926,1879,4084,2009,2075,5627,2651,2976,2983,1439,1544,1110,555,555,1758,774,984
22009,Louisiana,Avoyelles Parish,5237,2727,2510,7368,3902,3466,8117,4319,3798,9695,4971,4724,4821,2246,2575,1804,829,975,3011,1193,1818
22011,Louisiana,Beauregard Parish,5299,2732,2567,7214,3884,3330,7659,4166,3493,9181,4559,4622,4443,2129,2314,1607,748,859,2463,1069,1394
22013,Louisiana,Bienville Parish,1608,797,811,2215,1132,1083,2299,1111,1188,3204,1541,1663,1743,846,897,667,315,352,1317,503,814
22015,Louisiana,Bossier Parish,17318,8812,8506,25249,13495,11754,28117,13946,14171,29921,14652,15269,13563,6376,7187,5075,2296,2779,8157,3365,4792
22017,Louisiana,Caddo Parish,31152,15682,15470,44356,22139,22217,47481,22847,24634,56187,26401,29786,30124,13595,16529,11130,5016,6114,17969,6979,10990
22019,Louisiana,Calcasieu Parish,28694,14577,14117,39510,20111,19399,43359,21411,21948,47687,23182,24505,23405,11078,12327,8242,3801,4441,12726,5242,7484
22021,Louisiana,Caldwell Parish,1206,625,581,1820,991,829,1886,1040,846,2467,1263,1204,1225,615,610,511,236,275,763,304,459
22023,Louisiana,Cameron Parish,795,418,377,1276,631,645,1306,672,634,1804,904,900,953,475,478,340,166,174,534,245,289
22025,Louisiana,Catahoula Parish,1031,511,520,1668,929,739,1927,1159,768,2250,1209,1041,1273,624,649,467,227,240,676,278,398
22027,Louisiana,Claiborne Parish,1524,705,819,2413,1403,1010,3467,2420,1047,3913,2307,1606,2053,1042,1011,822,389,433,1384,558,826
22029,Louisiana,Concordia Parish,2425,1256,1169,3713,2027,1686,3694,2113,1581,4332,2112,2220,2465,1116,1349,925,428,497,1480,595,885
22031,Louisiana,De Soto Parish,3535,1779,1756,5062,2607,2455,5170,2470,2700,6885,3336,3549,3494,1634,1860,1388,623,765,2109,888,1221
22033,Louisiana,East Baton Rouge Parish,56320,28497,27823,103029,50855,52174,92036,45140,46896,96757,45362,51395,48300,21799,26501,17960,7887,10073,26050,10188,15862
22035,Louisiana,East Carroll Parish,855,423,432,1312,739,573,1460,963,497,1560,891,669,744,358,386,268,119,149,447,165,282
22037,Louisiana,East Feliciana Parish,1811,938,873,3054,1703,1351,3708,2225,1483,5261,3010,2251,2751,1332,1419,1009,499,510,1372,651,721
22039,Louisiana,Evangeline Parish,4652,2373,2279,6683,3601,3082,6759,3702,3057,7939,3962,3977,3711,1775,1936,1354,634,720,2227,950,1277
22041,Louisiana,Franklin Parish,2699,1380,1319,3825,1998,1827,3554,1783,1771,4673,2224,2449,2501,1221,1280,916,420,496,1641,627,1014
22043,Louisiana,Grant Parish,2511,1293,1218,3826,2102,1724,5527,3666,1861,5624,3144,2480,2425,1171,1254,965,488,477,1405,611,794
22045,Louisiana,Iberia Parish,9688,4940,4748,13745,7039,6706,13187,6546,6641,16764,8000,8764,8507,4135,4372,2866,1353,1513,4447,1835,2612
22047,Louisiana,Iberville Parish,3637,1822,1815,5527,2936,2591,7071,3737,3334,8449,4344,4105,3912,1892,2020,1382,636,746,2229,901,1328
22049,Louisiana,Jackson Parish,1703,898,805,2815,1538,1277,2972,1675,1297,3904,2025,1879,1921,896,1025,842,390,452,1476,609,867
22051,Louisiana,Jefferson Parish,54334,27940,26394,73158,36928,36230,90215,44040,46175,107152,51870,55282,55562,26138,29424,20678,9375,11303,31980,12824,19156
22053,Louisiana,Jefferson Davis Parish,4296,2254,2042,6137,3154,2983,5991,2946,3045,7514,3609,3905,3728,1788,1940,1345,592,753,2286,999,1287
22055,Louisiana,Lafayette Parish,32595,16444,16151,47135,23603,23532,56964,28387,28577,59541,28839,30702,27504,12794,14710,9121,4276,4845,13351,5303,8048
22057,Louisiana,Lafourche Parish,12255,6218,6037,18154,9192,8962,20052,9917,10135,24897,12260,12637,11404,5579,5825,4143,1938,2205,6754,2792,3962
22059,Louisiana,LaSalle Parish,1839,950,889,2817,1554,1263,3158,1792,1366,3640,1911,1729,1765,841,924,688,301,387,1083,451,632
22061,Louisiana,Lincoln Parish,5096,2558,2538,15807,7966,7841,8100,4063,4037,8680,4170,4510,4318,2047,2271,1772,790,982,2868,1124,1744
22063,Louisiana,Livingston Parish,19555,9906,9649,27977,14296,13681,31060,15156,15904,36693,18190,18503,14902,7091,7811,5472,2480,2992,7581,3285,4296
22065,Louisiana,Madison Parish,1460,726,734,1984,1036,948,2478,1336,1142,2494,1168,1326,1232,566,666,437,199,238,651,282,369
22067,Louisiana,Morehouse Parish,3215,1679,1536,4444,2270,2174,4281,2138,2143,5817,2726,3091,3385,1556,1829,1280,588,692,1960,766,1194
22069,Louisiana,Natchitoches Parish,4736,2413,2323,10170,5010,5160,6366,3110,3256,7817,3751,4066,4122,1864,2258,1775,801,974,2811,1162,1649
22071,Louisiana,Orleans Parish,43420,22268,21152,65631,32035,33596,97698,45917,51781,94736,44757,49979,48548,22369,26179,16660,7453,9207,23460,9222,14238
22073,Louisiana,Ouachita Parish,20730,10596,10134,31260,15682,15578,31241,14992,16249,36318,17280,19038,17246,7942,9304,6130,2747,3383,9832,3794,6038
22075,Louisiana,Plaquemines Parish,3138,1618,1520,4758,2505,2253,4624,2294,2330,5947,2983,2964,2461,1221,1240,829,376,453,1397,599,798
22077,Louisiana,Pointe Coupee Parish,2585,1305,1280,3748,1866,1882,3653,1824,1829,5265,2496,2769,3133,1478,1655,1286,551,735,1923,831,1092
22079,Louisiana,Rapides Parish,17324,8862,8462,25352,12945,12407,25011,12422,12589,31067,14796,16271,15203,7079,8124,5679,2557,3122,9308,3707,5601
22081,Louisiana,Red River Parish,1079,584,495,1479,754,725,1435,716,719,2070,996,1074,1109,499,610,428,191,237,713,253,460
22083,Louisiana,Richland Parish,2624,1379,1245,3697,1911,1786,3868,1918,1950,4798,2277,2521,2586,1210,1376,980,480,500,1499,598,901
22085,Louisiana,Sabine Parish,2886,1498,1388,4324,2199,2125,4171,2084,2087,5702,2802,2900,3161,1515,1646,1378,676,702,2207,995,1212
22087,Louisiana,St. Bernard Parish,6773,3437,3336,9149,4744,4405,11140,5308,5832,11602,5655,5947,5206,2543,2663,1545,753,792,2138,901,1237
22089,Louisiana,St. Charles Parish,6693,3410,3283,10437,5366,5071,10415,5053,5362,14126,6740,7386,6497,3211,3286,2042,988,1054,2804,1177,1627
22091,Louisiana,St. Helena Parish,1142,576,566,1718,853,865,1978,982,996,2425,1138,1287,1394,671,723,556,254,302,877,379,498
22093,Louisiana,St. James Parish,2502,1277,1225,3786,1935,1851,4059,1987,2072,5133,2451,2682,2776,1345,1431,988,447,541,1561,625,936
22095,Louisiana,St. John the Baptist Parish,5519,2841,2678,8471,4279,4192,8409,4127,4282,10903,5064,5839,5158,2531,2627,1740,810,930,2391,1044,1347
22097,Louisiana,St. Landry Parish,11908,6035,5873,16437,8403,8034,15106,7296,7810,19118,9066,10052,9862,4688,5174,3548,1630,1918,5670,2250,3420
22099,Louisiana,St. Martin Parish,6882,3499,3383,9911,5078,4833,10695,5375,5320,13325,6451,6874,6669,3202,3467,2245,1055,1190,3375,1467,1908
22101,Louisiana,St. Mary Parish,6516,3387,3129,8707,4404,4303,9018,4471,4547,12164,5928,6236,6308,3162,3146,2269,1044,1225,3605,1505,2100
22103,Louisiana,St. Tammany Parish,32178,16498,15680,49695,25370,24325,47165,22902,24263,68382,33030,35352,34162,16228,17934,13296,6127,7169,18121,7746,10375
22105,Louisiana,Tangipahoa Parish,18943,9532,9411,27361,13698,13663,28961,14255,14706,31968,15387,16581,15674,7321,8353,5729,2645,3084,7677,3191,4486
22107,Louisiana,Tensas Parish,507,262,245,711,381,330,552,270,282,973,474,499,709,339,370,286,132,154,464,192,272
22109,Louisiana,Terrebonne Parish,15072,7688,7384,21363,10995,10368,22539,11156,11383,27284,13351,13933,12621,6073,6548,4497,2103,2394,6710,2777,3933
22111,Louisiana,Union Parish,2533,1290,1243,3857,1997,1860,3787,1875,1912,5471,2689,2782,3203,1570,1633,1281,643,638,2020,891,1129
22113,Louisiana,Vermilion Parish,7891,3987,3904,11638,5843,5795,11352,5447,5905,14842,7182,7660,7260,3494,3766,2400,1111,1289,4048,1650,2398
22115,Louisiana,Vernon Parish,7133,3611,3522,11452,6784,4668,11722,6486,5236,9346,4797,4549,4075,1967,2108,1681,759,922,2587,1111,1476
22117,Louisiana,Washington Parish,5769,2935,2834,8684,4496,4188,8394,4265,4129,11068,5460,5608,6036,2840,3196,2358,1106,1252,3555,1484,2071
22119,Louisiana,Webster Parish,4650,2395,2255,6827,3543,3284,6879,3498,3381,9280,4506,4774,4937,2329,2608,1990,924,1066,3454,1326,2128
22121,Louisiana,West Baton Rouge Parish,3634,1875,1759,4824,2411,2413,6096,3077,3019,6484,3132,3352,3148,1493,1655,982,473,509,1569,631,938
22123,Louisiana,West Carroll Parish,1217,657,560,2053,1128,925,1887,1008,879,2648,1318,1330,1356,665,691,556,255,301,985,387,598
22125,Louisiana,West Feliciana Parish,1370,657,713,2020,1113,907,3530,2671,859,5183,3827,1356,1728,1018,710,703,358,345,957,442,515
22127,Louisiana,Winn Parish,1537,800,737,2401,1244,1157,2732,1699,1033,3597,2034,1563,1690,856,834,711,337,374,1192,475,717
23001,Maine,Androscoggin County,12787,6403,6384,19831,10068,9763,20233,10033,10200,28187,13893,14294,14016,6800,7216,5383,2548,2835,8160,3353,4807
23003,Maine,Aroostook County,6530,3371,3159,10567,5553,5014,10074,5096,4978,17257,8601,8656,10900,5407,5493,4306,2128,2178,7311,3033,4278
23005,Maine,Cumberland County,28908,14860,14048,50645,25646,24999,61201,30623,30578,77821,37705,40116,40082,18734,21348,15427,7229,8198,23669,9587,14082
23007,Maine,Franklin County,2685,1368,1317,5381,2607,2774,4897,2442,2455,7535,3675,3860,4909,2441,2468,1864,914,950,2750,1305,1445
23009,Maine,Hancock County,4800,2452,2348,7880,4029,3851,9172,4515,4657,14025,6760,7265,9561,4535,5026,4015,1933,2082,5696,2489,3207
23011,Maine,Kennebec County,12509,6337,6172,21001,10608,10393,21872,10941,10931,32270,15692,16578,18173,8697,9476,6714,3226,3488,10303,4350,5953
23013,Maine,Knox County,3521,1825,1696,5977,3131,2846,6362,3345,3017,9998,4990,5008,6775,3157,3618,2937,1375,1562,4366,1896,2470
23015,Maine,Lincoln County,3063,1589,1474,4823,2539,2284,5221,2658,2563,8550,4165,4385,6087,2859,3228,2806,1346,1460,4241,1875,2366
23017,Maine,Oxford County,5274,2696,2578,8919,4661,4258,9419,4653,4766,15908,7852,8056,9801,4860,4941,3527,1766,1761,5236,2338,2898
23019,Maine,Penobscot County,14113,7219,6894,28494,15192,13302,29100,14683,14417,39097,19063,20034,21229,10262,10967,7836,3747,4089,11861,5025,6836
23021,Maine,Piscataquis County,1605,896,709,2384,1209,1175,2325,1157,1168,4413,2165,2248,3139,1578,1561,1271,669,602,1836,890,946
23023,Maine,Sagadahoc County,3501,1814,1687,5437,2811,2626,6301,3100,3201,9363,4518,4845,5591,2646,2945,2277,1084,1193,3584,1574,2010
23025,Maine,Somerset County,4813,2453,2360,8078,4166,3912,8281,4165,4116,13996,6888,7108,7941,3945,3996,3122,1573,1549,4427,2022,2405
23027,Maine,Waldo County,3785,1959,1826,6231,3206,3025,6500,3267,3233,10469,5133,5336,6604,3152,3452,2827,1368,1459,3455,1581,1874
23029,Maine,Washington County,3138,1611,1527,5002,2534,2468,4683,2307,2376,7841,3825,4016,5341,2634,2707,2262,1101,1161,3156,1396,1760
23031,Maine,York County,19954,10256,9698,33253,17073,16180,38540,19349,19191,55269,27122,28147,31640,14804,16836,11997,5720,6277,18167,7593,10574
24001,Maryland,Allegany County,6564,3382,3182,14038,7379,6659,13294,7952,5342,16940,9085,7855,8779,4309,4470,3836,1763,2073,6766,2795,3971
24003,Maryland,Anne Arundel County,72147,36613,35534,106775,56500,50275,124023,62597,61426,153295,74854,78441,65269,31075,34194,24079,10939,13140,36796,15494,21302
24005,Maryland,Baltimore County,98187,49841,48346,152765,76320,76445,166249,79790,86459,205733,96772,108961,102423,47002,55421,37672,16663,21009,64191,24708,39483
24009,Maryland,Calvert County,10881,5625,5256,17895,9211,8684,16930,8523,8407,26065,12769,13296,11329,5509,5820,3847,1846,2001,6086,2568,3518
24011,Maryland,Caroline County,4294,2211,2083,6098,3077,3021,6318,3119,3199,8695,4227,4468,4216,2029,2187,1550,741,809,2350,991,1359
24013,Maryland,Carroll County,19381,10024,9357,30968,15840,15128,30294,15497,14797,46751,23114,23637,21208,10413,10795,7869,3670,4199,12634,5158,7476
24015,Maryland,Cecil County,12044,6146,5898,19053,9805,9248,19515,9738,9777,28253,13910,14343,13312,6498,6814,4757,2299,2458,6475,2890,3585
24017,Maryland,Charles County,20556,10480,10076,32408,16545,15863,32319,15781,16538,47377,22199,25178,17302,8094,9208,5859,2598,3261,8561,3474,5087
24019,Maryland,Dorchester County,3596,1842,1754,5201,2648,2553,5599,2598,3001,7786,3614,4172,4731,2184,2547,1920,906,1014,3053,1280,1773
24021,Maryland,Frederick County,32560,16517,16043,50415,25715,24700,52126,26202,25924,72562,35977,36585,29465,14109,15356,10557,5006,5551,16473,6633,9840
24023,Maryland,Garrett County,2770,1391,1379,4495,2413,2082,4784,2404,2380,7657,3759,3898,4516,2217,2299,1776,863,913,2918,1268,1650
24025,Maryland,Harford County,30042,15369,14673,47166,24497,22669,49346,24599,24747,68922,33511,35411,31797,15141,16656,11705,5399,6306,17624,7054,10570
24027,Maryland,Howard County,41217,21250,19967,63564,32539,31025,63573,31038,32535,91859,44336,47523,35386,17096,18290,12967,5983,6984,19308,8105,11203
24029,Maryland,Kent County,1564,799,765,3628,1748,1880,2956,1511,1445,4289,2103,2186,3033,1370,1663,1377,648,729,2435,1057,1378
24031,Maryland,Montgomery County,131275,67304,63971,191961,97532,94429,204436,100530,103906,286016,137038,148978,120442,56657,63785,43112,19578,23534,75220,30429,44791
24033,Maryland,Prince George's County,115144,58563,56581,171287,86459,84828,194770,97023,97747,243942,116027,127915,101808,45640,56168,35473,14979,20494,48376,18710,29666
24035,Maryland,Queen Anne's County,5462,2854,2608,9029,4613,4416,8381,4186,4195,14083,6959,7124,7043,3467,3576,2770,1319,1451,4277,1943,2334
24037,Maryland,St. Mary's County,14707,7503,7204,23122,11766,11356,24132,12398,11734,29952,14808,15144,12102,5979,6123,4087,1929,2158,6387,2898,3489
24039,Maryland,Somerset County,2426,1234,1192,6168,3238,2930,4811,3029,1782,5902,3344,2558,3203,1566,1637,1127,544,583,1845,765,1080
24041,Maryland,Talbot County,3517,1806,1711,5398,2776,2622,5436,2684,2752,8601,3986,4615,5798,2591,3207,2835,1291,1544,5475,2403,3072
24043,Maryland,Washington County,17564,8995,8569,27377,14447,12930,29305,15871,13434,40249,20760,19489,18067,8854,9213,6851,3172,3679,11745,4796,6949
24045,Maryland,Wicomico County,12549,6304,6245,25524,12208,13316,18552,9007,9545,23697,11200,12497,12032,5568,6464,4625,2105,2520,7039,2865,4174
24047,Maryland,Worcester County,4678,2417,2261,7735,3973,3762,8054,3998,4056,12716,6147,6569,8600,4065,4535,3997,1877,2120,6597,2927,3670
24510,Maryland,Baltimore city,68873,35058,33815,104091,50903,53188,154351,74055,80296,136522,63696,72826,67162,29228,37934,22711,9632,13079,34939,12858,22081
25001,Massachusetts,Barnstable County,15858,8138,7720,29954,15895,14059,29041,14834,14207,50325,23747,26578,40252,18382,21870,18538,8561,9977,29328,12392,16936
25003,Massachusetts,Berkshire County,10589,5357,5232,21372,10707,10665,20467,10371,10096,31465,15383,16082,19579,9239,10340,8137,3899,4238,13195,5474,7721
25005,Massachusetts,Bristol County,61301,31169,30132,104570,52964,51606,109766,54402,55364,152752,74208,78544,69884,33083,36801,25614,11685,13929,42738,16812,25926
25007,Massachusetts,Dukes County,1649,818,831,2505,1296,1209,2813,1461,1352,4604,2261,2343,2904,1387,1517,1350,632,718,1649,726,923
25009,Massachusetts,Essex County,89420,45518,43902,147962,75098,72864,148968,73795,75173,208542,99575,108967,100014,46968,53046,36874,16751,20123,59567,23444,36123
25011,Massachusetts,Franklin County,6151,3150,3001,10461,5411,5050,12603,6277,6326,18310,8877,9433,11985,5633,6352,4784,2322,2462,6029,2519,3510
25013,Massachusetts,Hampden County,52077,26773,25304,92305,47108,45197,91468,45329,46139,115130,54413,60717,57653,27411,30242,21152,9605,11547,34938,13790,21148
25015,Massachusetts,Hampshire County,11563,5960,5603,49103,22068,27035,25129,12470,12659,35366,16748,18618,20494,9392,11102,8331,3883,4448,11532,4699,6833
25017,Massachusetts,Middlesex County,171203,87668,83535,299693,152098,147595,364426,184980,179446,419388,205825,213563,180763,86058,94705,65478,29733,35745,110005,44021,65984
25019,Massachusetts,Nantucket County,1364,691,673,1750,878,872,2433,1258,1175,3301,1805,1496,1326,636,690,482,237,245,697,314,383
25021,Massachusetts,Norfolk County,77185,39513,37672,130167,64837,65330,140122,69442,70680,190790,92456,98334,85550,40368,45182,31068,14114,16954,54435,21144,33291
25023,Massachusetts,Plymouth County,56890,29268,27622,97122,49329,47793,89440,44607,44833,142124,69149,72975,70021,33007,37014,26834,12226,14608,41071,16802,24269
25025,Massachusetts,Suffolk County,75794,38157,37637,163673,78516,85157,247347,123347,124000,174965,85534,89431,73449,34286,39163,25322,10974,14348,42679,16485,26194
25027,Massachusetts,Worcester County,90837,46644,44193,159652,81240,78412,161683,81732,79951,223630,110156,113474,102591,50112,52479,35243,16582,18661,56013,22469,33544
26001,Michigan,Alcona County,696,347,349,1139,588,551,1179,617,562,2452,1198,1254,2318,1156,1162,984,520,464,1742,852,890
26003,Michigan,Alger County,679,324,355,1315,770,545,1587,1060,527,2220,1218,1002,1638,814,824,651,349,302,960,448,512
26005,Michigan,Allegan County,15049,7677,7372,22321,11499,10822,21663,10896,10767,30480,15345,15135,15776,7834,7942,5389,2607,2782,8101,3512,4589
26007,Michigan,Alpena County,2754,1397,1357,4376,2294,2082,4623,2413,2210,7069,3462,3607,4718,2318,2400,1730,843,887,3036,1279,1757
26009,Michigan,Antrim County,2047,1043,1004,3465,1773,1692,3347,1715,1632,5697,2835,2862,4367,2153,2214,1735,840,895,2803,1306,1497
26011,Michigan,Arenac County,1487,769,718,2159,1122,1037,2232,1123,1109,3713,1871,1842,2766,1451,1315,1057,541,516,1575,743,832
26013,Michigan,Baraga County,694,341,353,1349,758,591,1469,986,483,2123,1164,959,1256,648,608,492,254,238,822,365,457
26015,Michigan,Barry County,7156,3652,3504,11113,5795,5318,10864,5521,5343,16220,8219,8001,8712,4400,4312,3205,1549,1656,4702,2060,2642
26017,Michigan,Bay County,10326,5291,5035,17681,9110,8571,18683,9511,9172,25987,12860,13127,14956,7122,7834,5694,2696,2998,9269,3791,5478
26019,Michigan,Benzie County,1654,878,776,2589,1330,1259,2798,1456,1342,4326,2095,2231,3113,1542,1571,1316,675,641,2056,913,1143
26021,Michigan,Berrien County,17753,9057,8696,27467,13992,13475,26998,13500,13498,38148,18899,19249,21247,10167,11080,8078,3737,4341,13535,5700,7835
26023,Michigan,Branch County,5368,2761,2607,7919,4147,3772,7909,4305,3604,10851,5895,4956,5895,2986,2909,2152,1018,1134,3385,1408,1977
26025,Michigan,Calhoun County,16330,8417,7913,25599,13188,12411,24750,12206,12544,33138,16313,16825,17208,8246,8962,6447,3001,3446,10261,4165,6096
26027,Michigan,Cass County,5327,2793,2534,9112,4728,4384,8206,4207,3999,13618,6810,6808,7798,3918,3880,3201,1536,1665,4426,2011,2415
26029,Michigan,Charlevoix County,2399,1209,1190,4163,2129,2034,4029,2055,1974,6420,3228,3192,4612,2212,2400,1789,871,918,2747,1265,1482
26031,Michigan,Cheboygan County,2038,1041,997,3640,1937,1703,3643,1858,1785,6362,3142,3220,4807,2380,2427,1919,949,970,2971,1372,1599
26033,Michigan,Chippewa County,3563,1782,1781,7291,3893,3398,7393,4729,2664,9205,5351,3854,4805,2423,2382,1852,929,923,2955,1336,1619
26035,Michigan,Clare County,3279,1677,1602,4837,2519,2318,4757,2402,2355,7653,3809,3844,5295,2595,2700,2029,1010,1019,2990,1411,1579
26037,Michigan,Clinton County,9173,4648,4525,14768,7469,7299,14720,7400,7320,21191,10412,10779,10443,5112,5331,3748,1785,1963,5734,2532,3202
26039,Michigan,Crawford County,1288,671,617,1986,1035,951,2067,1058,1009,3590,1813,1777,2502,1300,1202,1003,518,485,1564,749,815
26041,Michigan,Delta County,3667,1890,1777,5715,2951,2764,5422,2762,2660,8805,4469,4336,5957,2912,3045,2349,1169,1180,3760,1599,2161
26043,Michigan,Dickinson County,2669,1385,1284,4065,2142,1923,4115,2149,1966,6189,3102,3087,4006,2001,2005,1488,754,734,2657,1160,1497
26045,Michigan,Eaton County,12228,6282,5946,19766,10053,9713,21269,10809,10460,27578,13426,14152,14975,7203,7772,5822,2740,3082,8557,3636,4921
26047,Michigan,Emmet County,3159,1635,1524,5553,2920,2633,5609,2793,2816,8262,4096,4166,5468,2605,2863,2149,1052,1097,3168,1407,1761
26049,Michigan,Genesee County,48363,24655,23708,75695,38685,37010,74489,36209,38280,103634,49605,54029,52922,24742,28180,19428,8839,10589,30711,12502,18209
26051,Michigan,Gladwin County,2632,1368,1264,3651,1939,1712,3631,1873,1758,6171,3131,3040,4577,2242,2335,1887,943,944,2891,1329,1562
26053,Michigan,Gogebic County,1219,621,598,1967,1029,938,2018,1052,966,3389,1699,1690,2501,1300,1201,1065,581,484,1731,754,977
26055,Michigan,Grand Traverse County,9785,5078,4707,15678,8005,7673,17737,8987,8750,23186,11357,11829,14074,6710,7364,5299,2517,2782,7756,3199,4557
26057,Michigan,Gratiot County,4149,2123,2026,8214,4405,3809,7968,4839,3129,10253,5729,4524,4756,2372,2384,1785,860,925,3290,1357,1933
26059,Michigan,Hillsdale County,5185,2638,2547,8928,4522,4406,7301,3702,3599,11208,5654,5554,6805,3384,3421,2402,1124,1278,3835,1687,2148
26061,Michigan,Houghton County,3756,1974,1782,10832,6643,4189,5267,2822,2445,6881,3486,3395,4114,2074,2040,1653,840,813,2782,1197,1585
26063,Michigan,Huron County,3056,1549,1507,4838,2497,2341,4517,2372,2145,7438,3710,3728,5339,2655,2684,2036,1005,1031,3497,1494,2003
26065,Michigan,Ingham County,31715,16225,15490,79422,39540,39882,59271,29989,29282,62311,30228,32083,30792,14130,16662,11250,5154,6096,16225,6603,9622
26067,Michigan,Ionia County,7484,3832,3652,12520,7004,5516,13328,7744,5584,17079,9269,7810,7648,3853,3795,2694,1318,1376,3847,1676,2171
26069,Michigan,Iosco County,2385,1217,1168,3273,1681,1592,3530,1824,1706,5836,2896,2940,4850,2440,2410,2017,983,1034,3294,1505,1789
26071,Michigan,Iron County,1003,470,533,1475,736,739,1450,730,720,2576,1319,1257,2207,1123,1084,859,462,397,1504,644,860
26073,Michigan,Isabella County,6421,3223,3198,23593,11088,12505,12277,6427,5850,13941,6971,6970,7262,3481,3781,2398,1158,1240,3689,1527,2162
26075,Michigan,Jackson County,18075,9271,8804,28570,14966,13604,29615,15805,13810,40459,21071,19388,21021,10239,10782,7611,3645,3966,12008,5108,6900
26077,Michigan,Kalamazoo County,31495,16119,15376,65638,32712,32926,53004,26779,26225,58693,28784,29909,29054,13749,15305,10756,4911,5845,17365,6979,10386
26079,Michigan,Kalkaska County,1972,1012,960,2960,1536,1424,3195,1613,1582,4610,2365,2245,2786,1412,1374,1049,544,505,1438,696,742
26081,Michigan,Kent County,86515,44386,42129,130487,66040,64447,150832,76079,74753,156128,77175,78953,72136,34633,37503,24024,11041,12983,38408,15722,22686
26083,Michigan,Keweenaw County,173,91,82,251,117,134,243,126,117,456,229,227,431,203,228,240,142,98,316,163,153
26085,Michigan,Lake County,1053,544,509,1443,737,706,1399,672,727,2938,1475,1463,2521,1275,1246,958,505,453,1312,664,648
26087,Michigan,Lapeer County,8992,4681,4311,15498,8167,7331,14683,7710,6973,24422,12333,12089,13064,6557,6507,4546,2220,2326,6521,2887,3634
26089,Michigan,Leelanau County,1777,894,883,2873,1486,1387,2892,1427,1465,4916,2403,2513,4497,2150,2347,1855,919,936,2922,1398,1524
26091,Michigan,Lenawee County,10779,5527,5252,18458,9774,8684,17386,9237,8149,24970,12717,12253,13381,6537,6844,5276,2481,2795,7791,3212,4579
26093,Michigan,Livingston County,20172,10357,9815,34828,18090,16738,32550,16693,15857,54261,27029,27232,27238,13469,13769,9528,4650,4878,13761,6148,7613
26095,Michigan,Luce County,528,262,266,932,572,360,1237,857,380,1608,1001,607,888,470,418,335,175,160,621,276,345
26097,Michigan,Mackinac County,888,435,453,1492,816,676,1526,801,725,2732,1395,1337,2046,990,1056,830,426,404,1318,629,689
26099,Michigan,Macomb County,96534,49403,47131,153172,78273,74899,172715,86556,86159,232597,113164,119433,111251,52999,58252,39884,17992,21892,65468,25901,39567
26101,Michigan,Manistee County,2096,1035,1061,3904,2077,1827,3877,2280,1597,5885,3049,2836,4427,2162,2265,1785,899,886,2721,1215,1506
26103,Michigan,Marquette County,6323,3249,3074,15318,7622,7696,11592,6109,5483,14813,7601,7212,9202,4523,4679,3546,1823,1723,5273,2389,2884
26105,Michigan,Mason County,3042,1605,1437,4716,2476,2240,4700,2375,2325,6861,3376,3485,5000,2456,2544,1885,937,948,2966,1258,1708
26107,Michigan,Mecosta County,4282,2230,2052,11769,6126,5643,6843,3551,3292,9409,4684,4725,5945,2903,3042,2218,1063,1155,3375,1503,1872
26109,Michigan,Menominee County,2046,1066,980,3502,1824,1678,3413,1826,1587,5794,2973,2821,3881,1981,1900,1511,745,766,2498,1135,1363
26111,Michigan,Midland County,9278,4845,4433,15145,7836,7309,15627,7947,7680,21366,10598,10768,10895,5204,5691,3933,1864,2069,7226,2989,4237
26113,Michigan,Missaukee County,1860,932,928,2579,1347,1232,2610,1338,1272,3661,1845,1816,2244,1140,1104,862,419,443,1325,616,709
26115,Michigan,Monroe County,16509,8481,8028,26728,13595,13133,26807,13592,13215,40270,19951,20319,21117,10399,10718,7560,3615,3945,11586,4779,6807
26117,Michigan,Montcalm County,7386,3712,3674,11328,6061,5267,12006,6503,5503,16510,8776,7734,8503,4238,4265,3039,1484,1555,4776,2064,2712
26119,Michigan,Montmorency County,736,380,356,1172,629,543,1094,566,528,2194,1094,1100,2101,1084,1017,832,447,385,1198,555,643
26121,Michigan,Muskegon County,21364,10876,10488,32037,16460,15577,33897,17228,16669,42978,21500,21478,23005,11024,11981,8218,3821,4397,12398,5118,7280
26123,Michigan,Newaygo County,5779,2908,2871,8746,4536,4210,8459,4301,4158,12506,6313,6193,7224,3636,3588,2601,1319,1282,3952,1794,2158
26125,Michigan,Oakland County,136326,69734,66592,220355,112838,107517,250214,128871,121343,337671,164999,172672,160576,75683,84893,58799,26760,32039,91320,37273,54047
26127,Michigan,Oceana County,3008,1501,1507,4847,2576,2271,4415,2353,2062,6534,3295,3239,4044,1996,2048,1580,806,774,2334,1101,1233
26129,Michigan,Ogemaw County,1975,974,1001,3158,1639,1519,3132,1577,1555,4985,2451,2534,3917,1977,1940,1403,674,729,2351,1120,1231
26131,Michigan,Ontonagon County,314,154,160,639,332,307,522,273,249,1410,708,702,1299,674,625,571,312,259,917,437,480
26133,Michigan,Osceola County,2674,1394,1280,4214,2224,1990,3844,1930,1914,5748,2937,2811,3487,1718,1769,1324,663,661,2141,973,1168
26135,Michigan,Oscoda County,903,456,447,1211,659,552,1129,568,561,1825,925,900,1682,827,855,627,339,288,977,471,506
26137,Michigan,Otsego County,2730,1442,1288,4212,2121,2091,4185,2120,2065,6182,3055,3127,3708,1850,1858,1499,752,747,2203,966,1237
26139,Michigan,Ottawa County,36906,18972,17934,70602,35202,35400,54508,27496,27012,68052,33958,34094,32370,15695,16675,11996,5676,6320,19536,8336,11200
26141,Michigan,Presque Isle County,1002,504,498,1650,828,822,1522,763,759,2992,1466,1526,2678,1348,1330,1053,543,510,1756,846,910
26143,Michigan,Roscommon County,1799,928,871,2881,1498,1383,3000,1512,1488,5603,2733,2870,5259,2669,2590,2195,1107,1088,3241,1582,1659
26145,Michigan,Saginaw County,21995,11343,10652,36021,18303,17718,34557,17349,17208,46061,22459,23602,25284,11812,13472,9813,4533,5280,16372,6629,9743
26147,Michigan,St. Clair County,16686,8526,8160,28083,14564,13519,27057,13766,13291,43553,21650,21903,22886,11215,11671,8359,4040,4319,12725,5398,7327
26149,Michigan,St. Joseph County,7956,4120,3836,11561,5940,5621,10984,5668,5316,14756,7442,7314,8003,3937,4066,2921,1372,1549,4691,1997,2694
26151,Michigan,Sanilac County,4383,2279,2104,7179,3644,3535,6370,3290,3080,10281,5171,5110,6427,3210,3217,2352,1114,1238,3865,1730,2135
26153,Michigan,Schoolcraft County,747,365,382,1148,601,547,1042,535,507,2066,1007,1059,1601,798,803,589,306,283,894,396,498
26155,Michigan,Shiawassee County,7357,3741,3616,12218,6276,5942,12003,6114,5889,17987,8993,8994,9491,4533,4958,3470,1651,1819,5283,2198,3085
26157,Michigan,Tuscola County,5434,2825,2609,8868,4675,4193,8862,4562,4300,13724,6930,6794,7758,3850,3908,2861,1383,1478,4806,2102,2704
26159,Michigan,Van Buren County,9336,4774,4562,13767,7012,6755,13025,6654,6371,19188,9398,9790,10825,5272,5553,3852,1879,1973,5531,2417,3114
26161,Michigan,Washtenaw County,36160,18456,17704,97423,49131,48292,75488,39087,36401,82951,40781,42170,38533,18118,20415,14897,7018,7879,21656,9150,12506
26163,Michigan,Wayne County,227834,116654,111180,328793,165994,162799,358283,175086,183197,433613,207866,225747,207647,96719,110928,73478,32489,40989,114423,44697,69726
26165,Michigan,Wexford County,4164,2189,1975,5969,2999,2970,5969,3022,2947,8321,4180,4141,4787,2365,2422,1750,874,876,2742,1230,1512
27001,Minnesota,Aitkin County,1249,648,601,2148,1097,1051,1882,940,942,3582,1794,1788,3203,1612,1591,1457,750,707,2356,1165,1191
27003,Minnesota,Anoka County,45689,23277,22412,66923,34289,32634,73071,37260,35811,96686,48704,47982,41920,20681,21239,14302,6645,7657,20913,8949,11964
27005,Minnesota,Becker County,4422,2201,2221,6338,3206,3132,5528,2760,2768,8073,4118,3955,5114,2586,2528,1975,978,997,3065,1402,1663
27007,Minnesota,Beltrami County,6765,3488,3277,11239,5808,5431,8694,4415,4279,9799,4795,5004,5582,2687,2895,2094,1053,1041,3265,1405,1860
27009,Minnesota,Benton County,5844,3019,2825,7835,3922,3913,9106,4659,4447,10051,5124,4927,4129,2089,2040,1422,661,761,2612,1032,1580
27011,Minnesota,Big Stone County,590,321,269,794,398,396,735,377,358,1055,530,525,804,410,394,296,151,145,667,274,393
27013,Minnesota,Blue Earth County,7488,3926,3562,20490,10219,10271,13367,7107,6260,13304,6715,6589,6864,3350,3514,2423,1161,1262,4284,1743,2541
27015,Minnesota,Brown County,2883,1492,1391,4962,2602,2360,4076,2068,2008,5679,2825,2854,3448,1697,1751,1251,613,638,2611,1105,1506
27017,Minnesota,Carlton County,4017,2065,1952,6578,3575,3003,6732,3742,2990,9435,5077,4358,4707,2374,2333,1616,815,801,2741,1148,1593
27019,Minnesota,Carver County,14450,7378,7072,21732,10993,10739,19122,9458,9664,30334,15142,15192,11547,5745,5802,3617,1734,1883,5448,2274,3174
27021,Minnesota,Cass County,3297,1767,1530,4642,2421,2221,4301,2174,2127,6930,3494,3436,5403,2744,2659,2113,1094,1019,3206,1588,1618
27023,Minnesota,Chippewa County,1645,835,810,2076,1080,996,2075,1079,996,2636,1321,1315,1576,786,790,576,296,280,1197,516,681
27025,Minnesota,Chisago County,6784,3425,3359,10211,5351,4860,10719,5793,4926,15812,8251,7561,7103,3554,3549,2388,1194,1194,3746,1732,2014
27027,Minnesota,Clay County,9128,4690,4438,16054,7688,8366,13215,6785,6430,13929,7090,6839,6247,3094,3153,2059,969,1090,4036,1685,2351
27029,Minnesota,Clearwater County,1188,609,579,1669,866,803,1410,716,694,2150,1101,1049,1243,613,630,442,236,206,878,401,477
27031,Minnesota,Cook County,461,238,223,667,356,311,830,396,434,1318,649,669,1093,551,542,453,241,212,607,274,333
27033,Minnesota,Cottonwood County,1562,796,766,2039,1088,951,1760,921,839,2501,1244,1257,1502,756,746,606,296,310,1307,562,745
27035,Minnesota,Crow Wing County,7267,3638,3629,10909,5629,5280,11077,5647,5430,15639,7878,7761,10157,4956,5201,3988,1997,1991,6536,2926,3610
27037,Minnesota,Dakota County,56431,29033,27398,80989,41538,39451,87662,44030,43632,113524,55988,57536,49756,23794,25962,17062,7785,9277,26013,10729,15284
27039,Minnesota,Dodge County,2771,1455,1316,4244,2106,2138,3901,1967,1934,5495,2787,2708,2414,1225,1189,778,363,415,1404,614,790
27041,Minnesota,Douglas County,4497,2286,2211,6329,3321,3008,6656,3461,3195,8842,4460,4382,5688,2801,2887,2219,1074,1145,4069,1813,2256
27043,Minnesota,Faribault County,1583,821,762,2343,1230,1113,2131,1101,1030,3188,1633,1555,2097,1064,1033,752,377,375,1555,620,935
27045,Minnesota,Fillmore County,2782,1463,1319,3793,1956,1837,3425,1723,1702,4981,2553,2428,2974,1487,1487,1050,524,526,2133,885,1248
27047,Minnesota,Freeborn County,3507,1869,1638,5242,2664,2578,5152,2585,2567,7143,3651,3492,4340,2201,2139,1706,831,875,3318,1373,1945
27049,Minnesota,Goodhue County,5394,2682,2712,8032,4181,3851,8114,4137,3977,11738,5868,5870,6559,3248,3311,2363,1137,1226,4170,1758,2412
27051,Minnesota,Grant County,733,373,360,983,504,479,1006,498,508,1385,716,669,865,433,432,361,181,180,689,322,367
27053,Minnesota,Hennepin County,156284,79742,76542,224771,112985,111786,311091,158943,152148,310240,155291,154949,141452,67856,73596,48161,22080,26081,76279,30889,45390
27055,Minnesota,Houston County,2155,1107,1048,3109,1633,1476,2985,1517,1468,4596,2260,2336,2922,1501,1421,1009,501,508,1869,808,1061
27057,Minnesota,Hubbard County,2427,1254,1173,3443,1785,1658,3195,1660,1535,5199,2596,2603,3672,1834,1838,1492,800,692,2328,1122,1206
27059,Minnesota,Isanti County,5105,2652,2453,7537,3890,3647,8156,4152,4004,10688,5469,5219,5115,2591,2524,1696,778,918,2924,1251,1673
27061,Minnesota,Itasca County,4822,2492,2330,7472,3952,3520,6910,3522,3388,10975,5517,5458,7681,3847,3834,2773,1400,1373,4642,2108,2534
27063,Minnesota,Jackson County,1110,561,549,1691,895,796,1593,847,746,2350,1237,1113,1475,767,708,491,250,241,1079,463,616
27065,Minnesota,Kanabec County,1810,869,941,2817,1459,1358,2653,1374,1279,4194,2111,2083,2590,1365,1225,911,445,466,1434,643,791
27067,Minnesota,Kandiyohi County,5753,2946,2807,8157,4273,3884,7879,4125,3754,9782,4920,4862,5860,2905,2955,2032,989,1043,3691,1581,2110
27069,Minnesota,Kittson County,504,264,240,713,363,350,587,303,284,993,499,494,691,353,338,234,118,116,509,211,298
27071,Minnesota,Koochiching County,1064,541,523,1845,929,916,1753,898,855,3001,1512,1489,2197,1117,1080,836,421,415,1411,645,766
27073,Minnesota,Lac qui Parle County,684,379,305,1067,545,522,923,470,453,1460,743,717,1085,565,520,390,196,194,947,408,539
27075,Minnesota,Lake County,1077,601,476,1563,810,753,1595,835,760,2516,1253,1263,1938,1000,938,669,351,318,1293,590,703
27077,Minnesota,Lake of the Woods County,381,200,181,535,270,265,540,295,245,943,503,440,741,391,350,247,137,110,369,164,205
27079,Minnesota,Le Sueur County,3515,1811,1704,5366,2745,2621,4972,2516,2456,7652,3953,3699,3700,1892,1808,1343,664,679,2243,976,1267
27081,Minnesota,Lincoln County,703,377,326,958,485,473,834,429,405,1267,665,602,803,416,387,266,127,139,756,326,430
27083,Minnesota,Lyon County,3688,1899,1789,5219,2659,2560,4747,2364,2383,5774,2962,2812,2956,1436,1520,975,473,502,2015,812,1203
27085,Minnesota,McLeod County,4218,2116,2102,6584,3408,3176,6459,3344,3115,9137,4656,4481,4457,2185,2272,1702,812,890,3201,1365,1836
27087,Minnesota,Mahnomen County,1001,534,467,1171,610,561,826,394,432,1135,571,564,647,346,301,269,132,137,426,179,247
27089,Minnesota,Marshall County,1171,615,556,1618,812,806,1530,801,729,2197,1131,1066,1341,712,629,469,242,227,1006,425,581
27091,Minnesota,Martin County,2318,1188,1130,3324,1658,1666,3128,1618,1510,4425,2217,2208,2937,1503,1434,1125,561,564,2280,938,1342
27093,Minnesota,Meeker County,2967,1528,1439,4409,2287,2122,3699,1943,1756,5639,2867,2772,3313,1716,1597,1139,571,568,2148,965,1183
27095,Minnesota,Mille Lacs County,3272,1646,1626,4694,2502,2192,4684,2377,2307,6699,3423,3276,3405,1710,1695,1210,621,589,2175,900,1275
27097,Minnesota,Morrison County,4030,2077,1953,5975,3113,2862,5613,2894,2719,8250,4230,4020,4768,2424,2344,1631,826,805,2962,1253,1709
27099,Minnesota,Mower County,5464,2717,2747,7873,4162,3711,7360,3823,3537,9435,4791,4644,4705,2413,2292,1811,880,931,3487,1371,2116
27101,Minnesota,Murray County,919,468,451,1364,685,679,1176,603,573,1868,948,920,1294,647,647,499,262,237,1047,458,589
27103,Minnesota,Nicollet County,3987,2018,1969,8010,3913,4097,6629,3462,3167,7939,4194,3745,3990,1946,2044,1513,779,734,2390,1005,1385
27105,Minnesota,Nobles County,3520,1767,1753,4276,2223,2053,3871,2127,1744,4811,2587,2224,2456,1284,1172,810,395,415,1744,731,1013
27107,Minnesota,Norman County,789,397,392,1168,611,557,946,493,453,1608,807,801,843,432,411,317,162,155,674,297,377
27109,Minnesota,Olmsted County,21352,10851,10501,29707,14899,14808,34625,17003,17622,37799,18773,19026,17936,8521,9415,6094,2770,3324,11611,4816,6795
27111,Minnesota,Otter Tail County,6921,3562,3359,9755,5058,4697,8930,4593,4337,13515,6798,6717,9497,4769,4728,3604,1844,1760,6516,2873,3643
27113,Minnesota,Pennington County,1755,862,893,2445,1234,1211,2724,1428,1296,3330,1703,1627,1782,884,898,618,279,339,1263,517,746
27115,Minnesota,Pine County,2865,1456,1409,4652,2544,2108,5106,2992,2114,7835,4279,3556,4674,2400,2274,1588,823,765,2670,1218,1452
27117,Minnesota,Pipestone County,1321,681,640,1698,845,853,1457,753,704,2071,1039,1032,1145,595,550,424,195,229,1002,371,631
27119,Minnesota,Polk County,4196,2180,2016,6017,3081,2936,5600,2924,2676,7158,3670,3488,3998,2005,1993,1374,696,678,2651,1038,1613
27121,Minnesota,Pope County,1318,690,628,1760,948,812,1929,1001,928,2514,1318,1196,1826,912,914,679,354,325,1238,542,696
27123,Minnesota,Ramsey County,73161,37487,35674,105947,52785,53162,130823,65551,65272,123257,60997,62260,60362,28127,32235,21233,9622,11611,33967,13459,20508
27125,Minnesota,Red Lake County,528,293,235,688,350,338,638,337,301,966,486,480,586,315,271,214,109,105,413,187,226
27127,Minnesota,Redwood County,1988,1012,976,2842,1476,1366,2514,1281,1233,3411,1734,1677,1988,1025,963,763,352,411,1593,679,914
27129,Minnesota,Renville County,1837,943,894,2560,1302,1258,2318,1233,1085,3437,1747,1690,2094,1129,965,670,335,335,1520,650,870
27131,Minnesota,Rice County,7786,3909,3877,16340,8204,8136,11795,6524,5271,16017,8485,7532,7738,3773,3965,2759,1339,1420,4654,2018,2636
27133,Minnesota,Rock County,1124,523,601,1858,981,877,1491,774,717,2244,1104,1140,1188,591,597,450,216,234,950,407,543
27135,Minnesota,Roseau County,1877,1000,877,2877,1472,1405,2350,1248,1102,4018,2132,1886,2086,1076,1010,669,337,332,1227,528,699
27137,Minnesota,St. Louis County,19990,10210,9780,41928,21264,20664,35081,18293,16788,45799,23222,22577,29001,14349,14652,10351,5210,5141,16611,6907,9704
27139,Minnesota,Scott County,20906,10604,10302,31180,15800,15380,28980,14411,14569,43171,21684,21487,14577,7292,7285,4608,2139,2469,6885,2987,3898
27141,Minnesota,Sherburne County,13606,6971,6635,20085,10508,9577,20190,10582,9608,27017,13945,13072,9834,4924,4910,3166,1529,1637,4571,1954,2617
27143,Minnesota,Sibley County,1730,886,844,2730,1423,1307,2561,1345,1216,3797,1946,1851,1977,1058,919,643,304,339,1324,541,783
27145,Minnesota,Stearns County,20947,10640,10307,40016,20242,19774,29402,15493,13909,36255,18326,17929,17769,8818,8951,6358,3100,3258,11113,4870,6243
27147,Minnesota,Steele County,4687,2335,2352,7046,3587,3459,6646,3470,3176,9060,4577,4483,4512,2237,2275,1575,740,835,3109,1305,1804
27149,Minnesota,Stevens County,1163,598,565,2822,1363,1459,1659,920,739,1837,963,874,1037,513,524,395,188,207,834,336,498
27151,Minnesota,Swift County,1167,577,590,1561,808,753,1541,817,724,2133,1125,1008,1271,680,591,504,246,258,1003,390,613
27153,Minnesota,Todd County,3311,1713,1598,4345,2294,2051,3754,1977,1777,5779,2974,2805,3696,1962,1734,1382,695,687,2471,1135,1336
27155,Minnesota,Traverse County,366,198,168,526,261,265,484,267,217,744,381,363,481,255,226,163,77,86,444,180,264
27157,Minnesota,Wabasha County,2525,1303,1222,3561,1802,1759,3483,1753,1730,5455,2763,2692,3168,1623,1545,1278,610,668,2138,969,1169
27159,Minnesota,Wadena County,1926,1033,893,2584,1283,1301,2224,1119,1105,3132,1594,1538,1807,905,902,674,324,350,1405,564,841
27161,Minnesota,Waseca County,2228,1192,1036,3520,1727,1793,3476,1574,1902,4603,2228,2375,2374,1170,1204,887,464,423,1460,626,834
27163,Minnesota,Washington County,33289,16899,16390,51365,26327,25038,49014,24726,24288,71450,35253,36197,31698,15257,16441,11105,5312,5793,16913,7289,9624
27165,Minnesota,Watonwan County,1502,776,726,2013,984,1029,1744,896,848,2480,1254,1226,1477,749,728,473,224,249,1117,489,628
27167,Minnesota,Wilkin County,739,394,345,1116,628,488,1009,534,475,1562,818,744,892,469,423,282,135,147,570,260,310
27169,Minnesota,Winona County,4749,2412,2337,14216,6951,7265,8398,4352,4046,10653,5404,5249,6326,3164,3162,2279,1107,1172,3916,1667,2249
27171,Minnesota,Wright County,20044,10343,9701,28873,14896,13977,26425,13385,13040,37895,19410,18485,14215,7107,7108,4867,2296,2571,7521,3326,4195
27173,Minnesota,Yellow Medicine County,1144,550,594,1785,950,835,1602,853,749,2200,1103,1097,1410,743,667,432,205,227,1028,423,605
28001,Mississippi,Adams County,3359,1660,1699,4920,2541,2379,6032,3611,2421,7646,4261,3385,4431,2071,2360,1562,714,848,2496,926,1570
28003,Mississippi,Alcorn County,4378,2187,2191,6859,3571,3288,6841,3389,3452,9511,4744,4767,4433,2016,2417,1898,832,1066,3061,1242,1819
28005,Mississippi,Amite County,1297,638,659,1959,1000,959,1877,945,932,2977,1422,1555,2050,986,1064,754,356,398,1336,563,773
28007,Mississippi,Attala County,2361,1171,1190,3582,1800,1782,3124,1471,1653,4262,2014,2248,2251,1045,1206,921,428,493,1576,645,931
28009,Mississippi,Benton County,952,477,475,1485,775,710,1461,735,726,2223,1111,1112,1076,524,552,462,216,246,688,291,397
28011,Mississippi,Bolivar County,4213,2159,2054,6235,3033,3202,5945,2898,3047,6944,3150,3794,3618,1583,2035,1480,633,847,1900,681,1219
28013,Mississippi,Calhoun County,1665,851,814,2711,1429,1282,2408,1198,1210,3657,1714,1943,1891,894,997,701,340,361,1259,469,790
28015,Mississippi,Carroll County,870,438,432,1617,841,776,1578,868,710,2517,1248,1269,1488,744,744,656,333,323,1064,476,588
28017,Mississippi,Chickasaw County,2332,1201,1131,3312,1738,1574,3224,1638,1586,3982,1954,2028,1999,939,1060,791,365,426,1352,522,830
28019,Mississippi,Choctaw County,897,470,427,1412,734,678,1347,649,698,2025,1011,1014,1114,533,581,455,212,243,850,343,507
28021,Mississippi,Claiborne County,1047,534,513,2711,1301,1410,1410,690,720,1727,793,934,1064,522,542,382,162,220,603,210,393
28023,Mississippi,Clarke County,1780,870,910,2785,1396,1389,2683,1252,1431,3713,1774,1939,2133,964,1169,892,398,494,1385,593,792
28025,Mississippi,Clay County,2247,1156,1091,3722,1853,1869,3661,1751,1910,4641,2128,2513,2537,1160,1377,1043,478,565,1524,601,923
28027,Mississippi,Coahoma County,3331,1669,1662,4678,2389,2289,3907,1762,2145,4852,2127,2725,2633,1204,1429,917,441,476,1405,512,893
28029,Mississippi,Copiah County,3340,1674,1666,5834,2994,2840,4865,2347,2518,6748,3157,3591,3755,1765,1990,1374,663,711,2113,865,1248
28031,Mississippi,Covington County,2474,1276,1198,3562,1840,1722,3546,1750,1796,4561,2171,2390,2254,1088,1166,800,357,443,1363,566,797
28033,Mississippi,DeSoto County,23834,11979,11855,39828,20284,19544,37556,17815,19741,50707,23943,26764,18832,8795,10037,7053,3222,3831,9868,4046,5822
28035,Mississippi,Forrest County,9792,5011,4781,18145,8488,9657,15918,7656,8262,16463,7826,8637,7429,3422,4007,2802,1260,1542,4534,1754,2780
28037,Mississippi,Franklin County,879,462,417,1447,754,693,1237,602,635,1886,881,1005,1122,572,550,404,207,197,696,286,410
28039,Mississippi,George County,3645,1866,1779,4768,2401,2367,4883,2588,2295,6007,3088,2919,2682,1298,1384,1094,510,584,1367,616,751
28041,Mississippi,Greene County,1333,665,668,2457,1421,1036,3215,2186,1029,3609,2152,1457,1398,701,697,589,276,313,906,386,520
28043,Mississippi,Grenada County,2644,1370,1274,3926,1984,1942,3814,1801,2013,5119,2408,2711,2586,1197,1389,1041,473,568,1543,606,937
28045,Mississippi,Hancock County,4807,2540,2267,7990,4095,3895,8440,4142,4298,12684,6078,6606,7281,3431,3850,2757,1330,1427,4007,1777,2230
28047,Mississippi,Harrison County,26848,13772,13076,41763,22041,19722,42829,20587,22242,50892,24264,26628,24407,11510,12897,9109,4236,4873,12848,5542,7306
28049,Mississippi,Hinds County,29143,14854,14289,49151,24230,24921,47423,22267,25156,53827,24516,29311,26600,11775,14825,9217,4091,5126,13769,5138,8631
28051,Mississippi,Holmes County,2171,1112,1059,3863,1991,1872,3117,1536,1581,3808,1689,2119,1998,876,1122,694,328,366,1157,459,698
28053,Mississippi,Humphreys County,1002,510,492,1683,862,821,1399,674,725,1832,826,1006,1038,462,576,357,164,193,597,225,372
28055,Mississippi,Issaquena County,61,25,36,232,174,58,300,201,99,326,179,147,175,87,88,47,21,26,111,47,64
28057,Mississippi,Itawamba County,2679,1352,1327,4699,2438,2261,4317,2184,2133,5936,2968,2968,2689,1285,1404,1070,484,586,1910,771,1139
28059,Mississippi,Jackson County,17043,8675,8368,27289,14035,13254,28355,13815,14540,37566,18288,19278,17544,8413,9131,6597,3143,3454,9382,4018,5364
28061,Mississippi,Jasper County,2011,1040,971,2938,1460,1478,2863,1422,1441,3928,1891,2037,2266,1083,1183,888,414,474,1460,643,817
28063,Mississippi,Jefferson County,904,437,467,1240,646,594,1354,732,622,1700,841,859,956,448,508,295,133,162,551,199,352
28065,Mississippi,Jefferson Davis County,1198,612,586,1810,899,911,1839,884,955,2694,1276,1418,1578,723,855,712,332,380,1121,447,674
28067,Mississippi,Jones County,9248,4768,4480,13767,7050,6717,12498,5975,6523,15962,7775,8187,8371,3940,4431,3242,1512,1730,5030,2023,3007
28069,Mississippi,Kemper County,892,443,449,1975,1061,914,1708,963,745,2262,1079,1183,1227,588,639,530,256,274,990,397,593
28071,Mississippi,Lafayette County,5530,2705,2825,15888,7915,7973,11033,5569,5464,11585,5589,5996,5508,2559,2949,1995,941,1054,2872,1145,1727
28073,Mississippi,Lamar County,8319,4251,4068,12555,6181,6374,13933,6558,7375,16105,7736,8369,6855,3215,3640,2493,1151,1342,3772,1544,2228
28075,Mississippi,Lauderdale County,9211,4619,4592,14441,7485,6956,14234,7184,7050,17895,8555,9340,9071,4155,4916,3474,1636,1838,5710,2221,3489
28077,Mississippi,Lawrence County,1584,815,769,2366,1199,1167,2221,1076,1145,3079,1493,1586,1714,829,885,595,280,315,956,401,555
28079,Mississippi,Leake County,2847,1487,1360,4781,2915,1866,4292,2235,2057,5491,2676,2815,2722,1285,1437,1029,483,546,1617,642,975
28081,Mississippi,Lee County,11488,5808,5680,16901,8642,8259,17023,8114,8909,21784,10431,11353,9450,4343,5107,3468,1492,1976,5441,2059,3382
28083,Mississippi,Leflore County,4208,2093,2115,6475,3221,3254,5189,2493,2696,6181,2779,3402,3110,1338,1772,1061,457,604,1733,634,1099
28085,Mississippi,Lincoln County,4139,2119,2020,6406,3216,3190,6337,3059,3278,8745,4207,4538,4298,1973,2325,1631,772,859,2455,925,1530
28087,Mississippi,Lowndes County,7704,3914,3790,11621,5856,5765,11866,5771,6095,13683,6362,7321,7015,3259,3756,2541,1153,1388,3983,1518,2465
28089,Mississippi,Madison County,13824,6971,6853,21681,10902,10779,20803,9858,10945,28512,13562,14950,12463,5799,6664,4196,1961,2235,5305,2052,3253
28091,Mississippi,Marion County,2939,1492,1447,4597,2309,2288,4561,2311,2250,6079,2984,3095,3060,1465,1595,1231,543,688,1995,773,1222
28093,Mississippi,Marshall County,3956,2034,1922,6630,3268,3362,6383,3337,3046,9233,4733,4500,4818,2293,2525,1787,831,956,2516,1019,1497
28095,Mississippi,Monroe County,4040,2046,1994,6455,3217,3238,6337,3113,3224,8832,4229,4603,4542,2113,2429,1911,892,1019,3060,1170,1890
28097,Mississippi,Montgomery County,1171,572,599,1692,871,821,1597,791,806,2336,1105,1231,1362,666,696,568,266,302,968,384,584
28099,Mississippi,Neshoba County,4219,2118,2101,6367,3186,3181,5187,2426,2761,6748,3165,3583,3286,1522,1764,1269,620,649,1950,779,1171
28101,Mississippi,Newton County,2715,1328,1387,4540,2295,2245,3651,1768,1883,5167,2536,2631,2335,1056,1279,973,436,537,1520,599,921
28103,Mississippi,Noxubee County,1428,717,711,2017,1011,1006,1936,951,985,2380,1064,1316,1301,635,666,462,202,260,762,281,481
28105,Mississippi,Oktibbeha County,4939,2563,2376,18863,9980,8883,9439,4797,4642,8269,3879,4390,4176,1926,2250,1460,666,794,2614,1085,1529
28107,Mississippi,Panola County,4620,2316,2304,6570,3335,3235,6450,3035,3415,8350,3955,4395,4176,1976,2200,1547,728,819,2206,894,1312
28109,Mississippi,Pearl River County,6676,3417,3259,10719,5533,5186,9783,4828,4955,14028,6867,7161,7188,3390,3798,3081,1476,1605,4370,1918,2452
28111,Mississippi,Perry County,1389,736,653,2164,1124,1040,2167,1043,1124,3024,1466,1558,1579,747,832,606,294,312,968,410,558
28113,Mississippi,Pike County,5373,2693,2680,8219,4156,4063,7002,3343,3659,9146,4240,4906,4740,2129,2611,1857,835,1022,2738,1077,1661
28115,Mississippi,Pontotoc County,4575,2366,2209,6604,3313,3291,6244,3116,3128,8057,3903,4154,3472,1708,1764,1357,636,721,2118,833,1285
28117,Mississippi,Prentiss County,3116,1579,1537,4886,2600,2286,4644,2336,2308,6137,3025,3112,2936,1392,1544,1203,522,681,2109,769,1340
28119,Mississippi,Quitman County,824,405,419,1305,671,634,1179,581,598,1746,767,979,885,404,481,304,136,168,531,204,327
28121,Mississippi,Rankin County,18282,9281,9001,29001,14723,14278,32849,15859,16990,41222,20049,21173,17396,8025,9371,6839,3029,3810,10263,4118,6145
28123,Mississippi,Scott County,4283,2208,2075,5534,2839,2695,5220,2550,2670,6840,3364,3476,3232,1513,1719,1217,519,698,1778,674,1104
28125,Mississippi,Sharkey County,531,274,257,810,419,391,647,312,335,1014,461,553,630,280,350,227,109,118,350,149,201
28127,Mississippi,Simpson County,3167,1605,1562,5135,2706,2429,4893,2357,2536,6561,3045,3516,3536,1703,1833,1313,598,715,2067,862,1205
28129,Mississippi,Smith County,1871,943,928,2914,1465,1449,2710,1320,1390,3907,1882,2025,2115,1026,1089,839,416,423,1428,559,869
28131,Mississippi,Stone County,2162,1123,1039,3814,1972,1842,3396,1709,1687,4641,2342,2299,2308,1115,1193,907,458,449,1111,484,627
28133,Mississippi,Sunflower County,2814,1413,1401,5063,2689,2374,5725,3590,2135,6206,3384,2822,2696,1242,1454,913,406,507,1414,525,889
28135,Mississippi,Tallahatchie County,1473,704,769,2572,1506,1066,3311,2273,1038,3368,1801,1567,1514,738,776,573,267,306,958,354,604
28137,Mississippi,Tate County,3393,1703,1690,6136,3081,3055,5207,2565,2642,7050,3357,3693,3362,1578,1784,1383,619,764,1932,819,1113
28139,Mississippi,Tippah County,2723,1395,1328,4463,2228,2235,3952,1926,2026,5576,2783,2793,2523,1186,1337,1027,478,549,1548,618,930
28141,Mississippi,Tishomingo County,2121,1114,1007,3483,1766,1717,3329,1664,1665,4999,2412,2587,2513,1212,1301,1116,517,599,1727,725,1002
28143,Mississippi,Tunica County,1534,786,748,1967,1000,967,1908,846,1062,2201,1011,1190,1041,449,592,340,160,180,432,175,257
28145,Mississippi,Union County,3880,1936,1944,5648,2854,2794,5418,2717,2701,7300,3578,3722,3144,1517,1627,1399,657,742,2040,822,1218
28147,Mississippi,Walthall County,1708,832,876,2655,1358,1297,2463,1259,1204,3539,1669,1870,1934,908,1026,744,352,392,1251,494,757
28149,Mississippi,Warren County,5738,2937,2801,8545,4306,4239,8308,3933,4375,11217,5304,5913,5908,2789,3119,2142,976,1166,3146,1229,1917
28151,Mississippi,Washington County,6131,3046,3085,8529,4243,4286,7768,3628,4140,10261,4568,5693,5759,2571,3188,1941,822,1119,2736,1011,1725
28153,Mississippi,Wayne County,2736,1371,1365,3873,1948,1925,3734,1800,1934,4889,2324,2565,2536,1229,1307,958,446,512,1542,616,926
28155,Mississippi,Webster County,1219,621,598,1802,896,906,1775,878,897,2462,1227,1235,1265,604,661,440,200,240,721,278,443
28157,Mississippi,Wilkinson County,940,477,463,1506,823,683,1840,1188,652,1985,1038,947,1138,552,586,385,187,198,629,236,393
28159,Mississippi,Winston County,1950,1001,949,3385,1773,1612,3115,1543,1572,4353,2127,2226,2463,1167,1296,976,459,517,1622,661,961
28161,Mississippi,Yalobusha County,1386,718,668,2101,1078,1023,2019,940,1079,2977,1428,1549,1767,818,949,723,370,353,1020,410,610
28163,Mississippi,Yazoo County,3156,1602,1554,5086,2742,2344,7300,5124,2176,6676,3926,2750,2786,1368,1418,984,437,547,1631,583,1048
29001,Missouri,Adair County,2486,1272,1214,9149,4274,4875,3879,1954,1925,4741,2349,2392,2463,1190,1273,979,448,531,1773,721,1052
29003,Missouri,Andrew County,2160,1099,1061,3099,1599,1500,3092,1541,1551,4493,2265,2228,2418,1193,1225,880,420,460,1495,621,874
29005,Missouri,Atchison County,535,272,263,788,398,390,828,418,410,1250,645,605,733,366,367,350,173,177,621,256,365
29007,Missouri,Audrain County,3040,1557,1483,4563,2385,2178,4769,2002,2767,6148,2845,3303,3163,1513,1650,1189,582,607,2039,756,1283
29009,Missouri,Barry County,4330,2221,2109,6339,3346,2993,5800,2973,2827,8905,4465,4440,5157,2522,2635,2027,1014,1013,3335,1481,1854
29011,Missouri,Barton County,1390,729,661,2211,1166,1045,1902,931,971,2793,1384,1409,1613,791,822,595,272,323,1128,474,654
29013,Missouri,Bates County,1948,1007,941,3003,1563,1440,2798,1418,1380,4062,2028,2034,2186,1087,1099,797,392,405,1472,603,869
29015,Missouri,Benton County,1782,940,842,2635,1376,1259,2442,1254,1188,4686,2335,2351,3775,1877,1898,1697,863,834,2607,1248,1359
29017,Missouri,Bollinger County,1378,701,677,2025,1063,962,2007,1018,989,3201,1612,1589,1741,833,908,693,340,353,1097,514,583
29019,Missouri,Boone County,21065,10764,10301,49645,23993,25652,39347,19464,19883,38847,18902,19945,17997,8338,9659,6431,3072,3359,9311,3807,5504
29021,Missouri,Buchanan County,10739,5608,5131,16494,8567,7927,17700,9478,8222,21303,10882,10421,10427,5068,5359,3729,1697,2032,6379,2507,3872
29023,Missouri,Butler County,5412,2761,2651,7684,3948,3736,7764,3821,3943,10362,5021,5341,5332,2471,2861,2107,976,1131,3677,1553,2124
29025,Missouri,Caldwell County,1071,567,504,1757,960,797,1474,747,727,2266,1158,1108,1204,587,617,457,232,225,832,362,470
29027,Missouri,Callaway County,5057,2629,2428,8924,4587,4337,8776,4756,4020,11407,5860,5547,5685,2834,2851,2044,1027,1017,2986,1327,1659
29029,Missouri,Camden County,4103,2105,1998,6549,3332,3217,6306,3152,3154,11306,5448,5858,8968,4380,4588,3947,1980,1967,5241,2612,2629
29031,Missouri,Cape Girardeau County,9223,4753,4470,18752,9061,9691,14882,7421,7461,17766,8767,8999,9292,4406,4886,3424,1607,1817,6103,2411,3692
29033,Missouri,Carroll County,1001,522,479,1570,791,779,1362,677,685,2145,1075,1070,1145,570,575,510,229,281,869,390,479
29035,Missouri,Carter County,729,358,371,1079,542,537,949,462,487,1533,746,787,855,420,435,324,155,169,526,226,300
29037,Missouri,Cass County,13194,6771,6423,19994,10193,9801,19635,9678,9957,27758,13646,14112,13053,6222,6831,4771,2112,2659,8213,3399,4814
29039,Missouri,Cedar County,1916,1001,915,2545,1347,1198,2181,1105,1076,3326,1663,1663,1989,973,1016,886,431,455,1498,669,829
29041,Missouri,Chariton County,926,487,439,1225,656,569,1107,571,536,1700,855,845,1116,560,556,425,206,219,901,370,531
29043,Missouri,Christian County,12047,6167,5880,17090,8645,8445,17752,8628,9124,22929,11327,11602,10407,4885,5522,4034,1906,2128,6020,2618,3402
29045,Missouri,Clark County,796,418,378,1202,653,549,1079,550,529,1759,913,846,953,498,455,376,177,199,666,296,370
29047,Missouri,Clay County,32574,16633,15941,47627,24278,23349,55259,27539,27720,64959,31901,33058,27205,12837,14368,10247,4691,5556,15008,6170,8838
29049,Missouri,Clinton County,2462,1241,1221,3767,1951,1816,3630,1810,1820,5344,2684,2660,2709,1348,1361,972,478,494,1657,767,890
29051,Missouri,Cole County,9132,4701,4431,14460,7367,7093,15205,8110,7095,19250,9925,9325,9275,4384,4891,3583,1679,1904,5493,2190,3303
29053,Missouri,Cooper County,2030,1023,1007,3328,1824,1504,3236,1765,1471,4153,2085,2068,2226,1079,1147,812,386,426,1470,584,886
29055,Missouri,Crawford County,2767,1427,1340,4314,2192,2122,4095,2057,2038,5954,2973,2981,3354,1673,1681,1291,621,670,2005,877,1128
29057,Missouri,Dade County,811,442,369,1284,723,561,1128,564,564,1916,985,931,1204,580,624,427,235,192,788,329,459
29059,Missouri,Dallas County,2207,1121,1086,2991,1543,1448,2922,1427,1495,4131,2047,2084,2480,1227,1253,910,454,456,1535,672,863
29061,Missouri,Daviess County,1096,538,558,1653,838,815,1282,643,639,1927,964,963,1121,564,557,483,237,246,729,343,386
29063,Missouri,DeKalb County,1157,578,579,1812,1043,769,2251,1492,759,2925,1759,1166,1307,675,632,451,217,234,1016,423,593
29065,Missouri,Dent County,1867,932,935,2626,1384,1242,2468,1248,1220,3826,1902,1924,2227,1103,1124,874,418,456,1624,710,914
29067,Missouri,Douglas County,1518,797,721,2161,1112,1049,2021,1039,982,3119,1564,1555,2175,1047,1128,902,454,448,1444,648,796
29069,Missouri,Dunklin County,4155,2195,1960,5565,2756,2809,4813,2312,2501,7032,3378,3654,3646,1747,1899,1300,543,757,2463,957,1506
29071,Missouri,Franklin County,12645,6505,6140,18665,9676,8989,19149,9725,9424,26875,13391,13484,14075,6915,7160,4991,2327,2664,7974,3355,4619
29073,Missouri,Gasconade County,1598,862,736,2399,1227,1172,2363,1189,1174,3632,1836,1796,2259,1145,1114,840,383,457,1526,639,887
29075,Missouri,Gentry County,952,458,494,1130,549,581,1150,565,585,1515,764,751,835,403,432,268,127,141,656,261,395
29077,Missouri,Greene County,33966,17507,16459,66648,33023,33625,60199,30461,29738,66609,32818,33791,32365,14908,17457,12809,5799,7010,22180,8761,13419
29079,Missouri,Grundy County,1332,697,635,1734,865,869,1688,861,827,2067,1002,1065,1235,624,611,497,242,255,1096,436,660
29081,Missouri,Harrison County,1041,535,506,1558,835,723,1322,672,650,1885,952,933,1160,545,615,436,217,219,932,371,561
29083,Missouri,Henry County,2710,1392,1318,3701,1878,1823,3640,1804,1836,5372,2703,2669,3146,1503,1643,1341,658,683,2159,935,1224
29085,Missouri,Hickory County,810,418,392,1245,612,633,1110,558,552,2287,1115,1172,1813,850,963,883,453,430,1419,712,707
29087,Missouri,Holt County,468,229,239,642,333,309,615,312,303,1091,537,554,651,321,330,263,135,128,540,216,324
29089,Missouri,Howard County,1183,624,559,2222,1158,1064,1640,792,848,2239,1147,1092,1360,658,702,495,236,259,862,375,487
29091,Missouri,Howell County,5241,2679,2562,7475,3822,3653,7104,3504,3600,9632,4713,4919,5099,2398,2701,2163,1023,1140,3524,1426,2098
29093,Missouri,Iron County,1071,567,504,1704,902,802,1607,801,806,2683,1356,1327,1522,732,790,555,280,275,981,418,563
29095,Missouri,Jackson County,91158,46305,44853,130953,65549,65404,158991,78077,80914,169683,82569,87114,80917,37693,43224,28425,12665,15760,45780,18092,27688
29097,Missouri,Jasper County,16333,8244,8089,24669,12505,12164,24978,12470,12508,28630,14111,14519,13508,6259,7249,5026,2287,2739,8441,3389,5052
29099,Missouri,Jefferson County,27195,13913,13282,40970,21161,19809,44446,22388,22058,61334,30571,30763,28980,14055,14925,9889,4657,5232,13536,5771,7765
29101,Missouri,Johnson County,6675,3378,3297,15708,8299,7409,11064,5913,5151,10733,5373,5360,5259,2558,2701,1781,874,907,3008,1367,1641
29103,Missouri,Knox County,503,257,246,753,407,346,591,301,290,900,432,468,546,285,261,225,107,118,425,173,252
29105,Missouri,Laclede County,4884,2499,2385,6691,3466,3225,6355,3194,3161,9063,4527,4536,4358,2095,2263,1768,808,960,2783,1187,1596
29107,Missouri,Lafayette County,4073,2145,1928,6027,3130,2897,5904,2958,2946,8347,4126,4221,4171,2046,2125,1536,731,805,2919,1281,1638
29109,Missouri,Lawrence County,5213,2735,2478,7427,3838,3589,6650,3310,3340,9461,4736,4725,4491,2178,2313,1749,833,916,3229,1441,1788
29111,Missouri,Lewis County,1164,601,563,2218,1174,1044,1576,798,778,2278,1131,1147,1212,590,622,467,231,236,894,380,514
29113,Missouri,Lincoln County,8418,4219,4199,11282,5845,5437,12379,6174,6205,15338,7698,7640,7011,3510,3501,2156,1057,1099,3287,1479,1808
29115,Missouri,Linn County,1436,742,694,2191,1115,1076,1967,986,981,2789,1384,1405,1682,799,883,648,298,350,1144,457,687
29117,Missouri,Livingston County,1727,900,827,2530,1198,1332,2855,1205,1650,3498,1500,1998,1755,857,898,720,315,405,1459,591,868
29119,Missouri,McDonald County,3185,1669,1516,4477,2294,2183,4040,2085,1955,6030,3017,3013,2736,1369,1367,965,479,486,1471,661,810
29121,Missouri,Macon County,1811,958,853,2752,1400,1352,2368,1178,1190,3630,1852,1778,2029,990,1039,900,436,464,1619,673,946
29123,Missouri,Madison County,1443,716,727,2198,1156,1042,2079,1038,1041,3090,1498,1592,1647,811,836,593,269,324,1052,468,584
29125,Missouri,Maries County,874,456,418,1510,784,726,1420,709,711,2365,1199,1166,1232,617,615,511,240,271,877,399,478
29127,Missouri,Marion County,3597,1829,1768,5607,2801,2806,5194,2544,2650,6844,3404,3440,3615,1741,1874,1317,607,710,2291,913,1378
29129,Missouri,Mercer County,458,236,222,668,351,317,517,262,255,816,394,422,548,280,268,170,94,76,396,169,227
29131,Missouri,Miller County,3299,1677,1622,4666,2413,2253,4584,2289,2295,6289,3197,3092,3442,1658,1784,1357,670,687,2107,939,1168
29133,Missouri,Mississippi County,1444,718,726,2336,1280,1056,2542,1533,1009,3308,1842,1466,1487,704,783,651,292,359,1062,440,622
29135,Missouri,Moniteau County,2137,1075,1062,2994,1558,1436,3036,1718,1318,3935,2111,1824,1742,856,886,674,323,351,1129,488,641
29137,Missouri,Monroe County,1019,536,483,1441,760,681,1313,672,641,2087,1094,993,1329,652,677,532,259,273,941,439,502
29139,Missouri,Montgomery County,1322,665,657,1954,1065,889,1882,972,910,2898,1476,1422,1631,815,816,514,246,268,1132,456,676
29141,Missouri,Morgan County,2583,1348,1235,3510,1804,1706,3141,1567,1574,4802,2428,2374,3250,1641,1609,1295,655,640,2148,1012,1136
29143,Missouri,New Madrid County,2119,1076,1043,2956,1491,1465,2842,1375,1467,4327,2069,2258,2216,1021,1195,891,404,487,1435,564,871
29145,Missouri,Newton County,7360,3898,3462,11200,5832,5368,10371,5255,5116,14572,7279,7293,7304,3478,3826,2970,1435,1535,4666,1961,2705
29147,Missouri,Nodaway County,1880,974,906,7845,3791,4054,3345,1846,1499,4126,2109,2017,2179,1069,1110,791,390,401,1652,678,974
29149,Missouri,Oregon County,1255,667,588,1779,889,890,1578,787,791,2548,1253,1295,1536,772,764,645,309,336,1099,486,613
29151,Missouri,Osage County,1545,766,779,2681,1447,1234,2313,1226,1087,3586,1869,1717,1752,885,867,593,299,294,1093,472,621
29153,Missouri,Ozark County,832,443,389,1332,697,635,1192,591,601,2144,1067,1077,1714,873,841,722,345,377,1155,579,576
29155,Missouri,Pemiscot County,2311,1127,1184,2965,1529,1436,2734,1269,1465,3786,1779,2007,1975,905,1070,685,307,378,1214,479,735
29157,Missouri,Perry County,2255,1136,1119,3595,1888,1707,3326,1679,1647,4965,2521,2444,2477,1195,1282,878,424,454,1684,724,960
29159,Missouri,Pettis County,5854,3044,2810,8265,4315,3950,8176,4061,4115,10059,4993,5066,5072,2480,2592,1827,887,940,3222,1316,1906
29161,Missouri,Phelps County,4984,2563,2421,11653,7035,4618,7769,4028,3741,9681,4799,4882,5056,2428,2628,1965,948,1017,3372,1440,1932
29163,Missouri,Pike County,2177,1129,1048,3144,1740,1404,3391,1978,1413,4311,2418,1893,2232,1114,1118,840,396,444,1484,622,862
29165,Missouri,Platte County,13419,6798,6621,19798,9974,9824,21931,10968,10963,28109,13993,14116,11865,5677,6188,4425,2089,2336,6560,2805,3755
29167,Missouri,Polk County,4013,2018,1995,7454,3747,3707,5519,2805,2714,7512,3753,3759,3754,1789,1965,1510,723,787,2676,1118,1558
29169,Missouri,Pulaski County,6856,3530,3326,15990,10727,5263,13335,7477,5858,9548,4754,4794,3694,1785,1909,1297,627,670,1983,832,1151
29171,Missouri,Putnam County,589,312,277,764,407,357,725,367,358,1110,578,532,674,329,345,296,148,148,528,234,294
29173,Missouri,Ralls County,1047,549,498,1738,904,834,1595,794,801,2777,1397,1380,1528,750,778,650,331,319,950,440,510
29175,Missouri,Randolph County,2864,1456,1408,4642,2483,2159,5020,2869,2151,6310,3414,2896,2807,1366,1441,1046,487,559,1815,709,1106
29177,Missouri,Ray County,2706,1392,1314,4133,2157,1976,3892,1995,1897,6024,3041,2983,3135,1550,1585,1118,499,619,1919,812,1107
29179,Missouri,Reynolds County,617,312,305,1001,574,427,972,493,479,1615,830,785,949,470,479,383,209,174,674,323,351
29181,Missouri,Ripley County,1699,873,826,2234,1163,1071,2269,1116,1153,3332,1671,1661,1794,875,919,687,330,357,1289,570,719
29183,Missouri,St. Charles County,48778,24883,23895,77259,39380,37879,80780,40672,40108,106054,52307,53747,48255,22985,25270,17187,7804,9383,26897,11217,15680
29185,Missouri,St. Clair County,1038,550,488,1498,786,712,1403,713,690,2292,1175,1117,1510,786,724,657,317,340,1220,550,670
29186,Missouri,Ste. Genevieve County,2100,1084,1016,3104,1623,1481,2971,1533,1438,4556,2329,2227,2727,1390,1337,946,484,462,1518,684,834
29187,Missouri,St. Francois County,7408,3701,3707,12043,6507,5536,14159,8200,5959,17388,9510,7878,7785,3912,3873,2931,1332,1599,4894,2026,2868
29189,Missouri,St. Louis County,118789,60882,57907,181745,91671,90074,192766,93847,98919,245071,115050,130021,128109,58919,69190,47326,20715,26611,81163,31494,49669
29195,Missouri,Saline County,2738,1399,1339,4897,2631,2266,3984,1995,1989,5382,2696,2686,2821,1396,1425,1070,521,549,1949,768,1181
29197,Missouri,Schuyler County,690,368,322,824,402,422,774,405,369,1040,520,520,576,282,294,202,91,111,449,192,257
29199,Missouri,Scotland County,790,395,395,991,508,483,807,424,383,1059,537,522,562,271,291,218,109,109,458,180,278
29201,Missouri,Scott County,5022,2614,2408,7018,3604,3414,7152,3485,3667,9399,4556,4843,4713,2194,2519,1884,851,1033,3134,1258,1876
29203,Missouri,Shannon County,934,467,467,1340,703,637,1313,681,632,2021,1033,988,1237,604,633,513,258,255,838,348,490
29205,Missouri,Shelby County,752,375,377,1060,572,488,957,469,488,1395,721,674,840,437,403,291,140,151,619,247,372
29207,Missouri,Stoddard County,3400,1792,1608,5134,2674,2460,5171,2577,2594,7373,3687,3686,3677,1695,1982,1527,713,814,2727,1149,1578
29209,Missouri,Stone County,2672,1403,1269,4466,2300,2166,4050,2023,2027,7776,3684,4092,6323,3029,3294,2968,1489,1479,4102,1974,2128
29211,Missouri,Sullivan County,793,431,362,1050,552,498,959,498,461,1574,797,777,798,441,357,324,158,166,542,230,312
29213,Missouri,Taney County,6273,3242,3031,10664,5390,5274,9263,4524,4739,13338,6407,6931,7671,3549,4122,3460,1607,1853,5437,2468,2969
29215,Missouri,Texas County,2813,1418,1395,4371,2431,1940,4366,2471,1895,6259,3329,2930,3456,1727,1729,1387,650,737,2496,1112,1384
29217,Missouri,Vernon County,2533,1324,1209,4018,1935,2083,3318,1642,1676,4967,2475,2492,2643,1252,1391,1083,512,571,1861,811,1050
29219,Missouri,Warren County,4586,2397,2189,6614,3342,3272,6674,3374,3300,9175,4572,4603,4831,2402,2429,1678,792,886,2805,1302,1503
29221,Missouri,Washington County,2895,1473,1422,4442,2280,2162,4501,2420,2081,6654,3518,3136,3244,1604,1640,1155,563,592,1728,815,913
29223,Missouri,Wayne County,1379,688,691,1951,994,957,1925,952,973,3318,1653,1665,1974,949,1025,789,366,423,1456,695,761
29225,Missouri,Webster County,5972,3050,2922,7914,4168,3746,7302,3782,3520,9787,4988,4799,4462,2204,2258,1658,809,849,2685,1195,1490
29227,Missouri,Worth County,203,98,105,309,163,146,298,135,163,464,252,212,320,159,161,113,57,56,253,92,161
29229,Missouri,Wright County,2548,1359,1189,3495,1728,1767,2990,1500,1490,4271,2071,2200,2473,1219,1254,903,423,480,1616,691,925
29510,Missouri,St. Louis city,33498,17097,16401,48209,24023,24186,83527,41104,42423,69961,34356,35605,35729,16925,18804,10949,4867,6082,16714,6295,10419
30001,Montana,Beaverhead County,862,422,440,2119,1069,1050,1540,804,736,2035,1047,988,1435,721,714,584,315,269,940,468,472
30003,Montana,Big Horn County,2368,1249,1119,3107,1561,1546,2320,1143,1177,2775,1305,1470,1400,687,713,499,230,269,671,317,354
30005,Montana,Blaine County,1103,551,552,1438,747,691,1217,616,601,1389,709,680,748,383,365,288,131,157,440,187,253
30007,Montana,Broadwater County,688,357,331,946,482,464,1004,515,489,1656,826,830,1069,593,476,454,236,218,586,291,295
30009,Montana,Carbon County,955,496,459,1529,786,743,1539,778,761,2863,1472,1391,2078,1049,1029,842,445,397,1093,548,545
30011,Montana,Carter County,177,96,81,156,81,75,211,111,100,255,120,135,241,133,108,58,26,32,146,67,79
30013,Montana,Cascade County,10427,5439,4988,15135,8194,6941,16775,8739,8036,17853,8943,8910,10244,4887,5357,4044,1921,2123,6934,3045,3889
30015,Montana,Chouteau County,582,313,269,1126,565,561,979,502,477,1325,656,669,880,447,433,309,161,148,509,230,279
30017,Montana,Custer County,1261,642,619,1961,1069,892,2124,1050,1074,2830,1419,1411,1604,799,805,574,257,317,996,426,570
30019,Montana,Daniels County,189,103,86,261,138,123,255,136,119,345,188,157,277,146,131,96,49,47,226,90,136
30021,Montana,Dawson County,1008,518,490,1572,845,727,1566,842,724,2025,1080,945,1249,644,605,396,200,196,771,329,442
30023,Montana,Deer Lodge County,617,311,306,1365,815,550,1608,910,698,2492,1325,1167,1617,818,799,609,314,295,914,426,488
30025,Montana,Fallon County,419,214,205,518,255,263,521,272,249,618,327,291,418,203,215,133,69,64,218,91,127
30027,Montana,Fergus County,1255,690,565,1714,880,834,1878,975,903,2569,1289,1280,1743,843,900,756,394,362,1186,561,625
30029,Montana,Flathead County,12288,6321,5967,17432,9137,8295,19669,9778,9891,26081,12978,13103,16026,7682,8344,5983,2997,2986,7943,3710,4233
30031,Montana,Gallatin County,12473,6320,6153,28393,15128,13265,27956,15000,12956,25660,13346,12314,12101,5924,6177,4228,2158,2070,5463,2505,2958
30033,Montana,Garfield County,153,75,78,212,106,106,189,92,97,302,143,159,193,105,88,87,55,32,133,60,73
30035,Montana,Glacier County,2420,1187,1233,3081,1569,1512,2660,1277,1383,2934,1423,1511,1428,658,770,457,220,237,658,277,381
30037,Montana,Golden Valley County,81,43,38,119,60,59,129,65,64,176,83,93,154,74,80,61,35,26,109,53,56
30039,Montana,Granite County,243,117,126,424,216,208,461,243,218,804,416,388,703,355,348,272,152,120,429,217,212
30041,Montana,Hill County,2793,1382,1411,3343,1755,1588,3190,1643,1547,3449,1751,1698,1961,965,996,654,358,296,1008,426,582
30043,Montana,Jefferson County,1183,585,598,2052,1075,977,1802,900,902,3353,1690,1663,2248,1096,1152,832,445,387,876,461,415
30045,Montana,Judith Basin County,218,111,107,289,158,131,286,139,147,479,240,239,358,184,174,140,80,60,232,113,119
30047,Montana,Lake County,3659,1857,1802,5699,2933,2766,4962,2485,2477,6963,3269,3694,4789,2231,2558,1916,966,950,2914,1410,1504
30049,Montana,Lewis and Clark County,8220,4160,4060,12225,6233,5992,13465,6782,6683,17176,8458,8718,10139,4852,5287,3725,1899,1826,5157,2286,2871
30051,Montana,Liberty County,277,134,143,387,201,186,433,199,234,525,249,276,351,179,172,107,53,54,294,128,166
30053,Montana,Lincoln County,1842,956,886,2809,1421,1388,2678,1306,1372,4874,2372,2502,4030,2047,1983,1705,885,820,2350,1178,1172
30055,Montana,McCone County,177,94,83,267,133,134,265,140,125,357,176,181,283,149,134,106,59,47,202,100,102
30057,Montana,Madison County,749,376,373,1123,610,513,1434,768,666,2046,1064,982,1757,876,881,791,446,345,1008,510,498
30059,Montana,Meagher County,200,111,89,265,145,120,247,121,126,389,194,195,352,179,173,166,81,85,215,106,109
30061,Montana,Mineral County,458,244,214,597,298,299,667,357,310,1041,509,532,850,430,420,363,187,176,535,284,251
30063,Montana,Missoula County,11967,6114,5853,26632,13478,13154,27873,14282,13591,27435,13802,13633,14278,6832,7446,5586,2793,2793,7506,3373,4133
30065,Montana,Musselshell County,437,230,207,699,371,328,624,302,322,1145,574,571,924,465,459,340,174,166,476,240,236
30067,Montana,Park County,1525,771,754,2265,1187,1078,3027,1546,1481,4402,2180,2222,2879,1459,1420,1125,583,542,1520,689,831
30069,Montana,Petroleum County,43,23,20,66,37,29,69,41,28,124,65,59,93,50,43,27,14,13,73,37,36
30071,Montana,Phillips County,512,253,259,645,340,305,594,318,276,918,459,459,623,320,303,226,111,115,403,172,231
30073,Montana,Pondera County,792,414,378,1030,517,513,974,491,483,1317,645,672,830,409,421,284,138,146,578,248,330
30075,Montana,Powder River County,143,73,70,240,112,128,236,128,108,395,190,205,330,169,161,124,71,53,205,88,117
30077,Montana,Powell County,547,284,263,1010,638,372,1378,1024,354,1951,1338,613,974,553,421,381,203,178,585,289,296
30079,Montana,Prairie County,133,73,60,124,66,58,145,72,73,220,118,102,199,104,95,105,51,54,147,71,76
30081,Montana,Ravalli County,4317,2266,2051,6820,3647,3173,6568,3313,3255,10996,5356,5640,7831,3694,4137,3494,1737,1757,4770,2308,2462
30083,Montana,Richland County,1568,809,759,2030,1038,992,2231,1187,1044,2671,1388,1283,1386,746,640,434,223,211,684,334,350
30085,Montana,Roosevelt County,2120,1118,1002,2526,1269,1257,2148,1062,1086,2223,1129,1094,1157,538,619,307,138,169,479,194,285
30087,Montana,Rosebud County,1433,751,682,1852,930,922,1527,769,758,1970,986,984,1118,563,555,408,198,210,546,259,287
30089,Montana,Sanders County,1113,565,548,1594,883,711,1498,744,754,2740,1389,1351,2526,1247,1279,1072,574,498,1546,789,757
30091,Montana,Sheridan County,375,214,161,499,266,233,526,273,253,770,375,395,569,319,250,168,78,90,359,151,208
30093,Montana,Silver Bow County,3996,2080,1916,6972,3662,3310,6600,3449,3151,8034,4072,3962,4935,2406,2529,1692,831,861,2861,1227,1634
30095,Montana,Stillwater County,994,527,467,1685,877,808,1400,710,690,2510,1270,1240,1688,841,847,669,359,310,879,433,446
30097,Montana,Sweet Grass County,349,186,163,617,328,289,513,267,246,873,443,430,590,285,305,266,128,138,472,229,243
30099,Montana,Teton County,876,437,439,1088,560,528,942,468,474,1431,696,735,823,420,403,348,163,185,699,324,375
30101,Montana,Toole County,594,313,281,721,414,307,957,628,329,1162,668,494,665,353,312,219,122,97,358,155,203
30103,Montana,Treasure County,112,62,50,87,38,49,109,56,53,121,63,58,128,65,63,48,25,23,95,42,53
30105,Montana,Valley County,896,464,432,1267,647,620,1151,571,580,1673,850,823,1131,598,533,408,199,209,819,353,466
30107,Montana,Wheatland County,258,141,117,390,209,181,279,141,138,475,256,219,364,168,196,143,83,60,225,99,126
30109,Montana,Wibaux County,103,53,50,152,76,76,134,68,66,225,122,103,151,81,70,57,32,25,117,48,69
30111,Montana,Yellowstone County,20368,10486,9882,30033,15207,14826,34005,17114,16891,38621,19082,19539,20103,9617,10486,7484,3464,4020,11973,5022,6951
31001,Nebraska,Adams County,4051,2002,2049,6703,3513,3190,5588,2847,2741,7009,3509,3500,3932,1965,1967,1485,681,804,2603,1077,1526
31003,Nebraska,Antelope County,849,446,403,1063,541,522,972,514,458,1347,681,666,955,486,469,359,174,185,737,312,425
31005,Nebraska,Arthur County,54,33,21,109,43,66,66,34,32,112,56,56,52,25,27,24,12,12,54,26,28
31007,Nebraska,Banner County,112,60,52,116,51,65,131,63,68,167,73,94,143,83,60,57,29,28,63,29,34
31009,Nebraska,Blaine County,48,26,22,70,37,33,72,38,34,122,58,64,72,38,34,27,11,16,48,28,20
31011,Nebraska,Boone County,667,327,340,886,454,432,788,409,379,1147,583,564,763,402,361,254,123,131,621,250,371
31013,Nebraska,Box Butte County,1519,758,761,1945,989,956,1892,941,951,2369,1192,1177,1642,860,782,537,269,268,845,349,496
31015,Nebraska,Boyd County,181,79,102,299,151,148,235,125,110,399,212,187,341,172,169,150,83,67,266,109,157
31017,Nebraska,Brown County,337,178,159,509,258,251,430,224,206,670,343,327,478,236,242,171,78,93,397,174,223
31019,Nebraska,Buffalo County,6494,3388,3106,12405,6381,6024,9798,5056,4742,10641,5327,5314,5385,2587,2798,1943,923,1020,3454,1375,2079
31021,Nebraska,Burt County,738,393,345,1144,622,522,1015,506,509,1479,729,750,964,502,462,383,184,199,772,316,456
31023,Nebraska,Butler County,1008,497,511,1473,770,703,1271,680,591,1933,997,936,1136,586,550,408,202,206,762,310,452
31025,Nebraska,Cass County,3129,1628,1501,4881,2610,2271,4399,2262,2137,7098,3538,3560,3602,1805,1797,1289,644,645,1870,824,1046
31027,Nebraska,Cedar County,1144,615,529,1600,851,749,1204,624,580,1900,947,953,1225,639,586,414,218,196,937,386,551
31029,Nebraska,Chase County,485,252,233,739,359,380,617,323,294,889,453,436,547,265,282,160,82,78,423,171,252
31031,Nebraska,Cherry County,796,411,385,940,490,450,964,525,439,1322,680,642,837,426,411,276,132,144,659,301,358
31033,Nebraska,Cheyenne County,1156,579,577,1573,822,751,1604,813,791,2123,1074,1049,1324,677,647,492,249,243,843,345,498
31035,Nebraska,Clay County,831,426,405,1125,568,557,1065,564,501,1436,725,711,865,454,411,355,177,178,551,248,303
31037,Nebraska,Colfax County,1799,847,952,2288,1215,1073,1979,1168,811,2483,1442,1041,1107,566,541,333,176,157,657,293,364
31039,Nebraska,Cuming County,1173,610,563,1682,845,837,1405,703,702,1979,1016,963,1139,609,530,447,210,237,995,433,562
31041,Nebraska,Custer County,1372,695,677,1885,983,902,1736,880,856,2443,1231,1212,1490,756,734,608,294,314,1146,480,666
31043,Nebraska,Dakota County,3405,1737,1668,4315,2232,2083,4049,2074,1975,4433,2265,2168,1997,992,1005,722,344,378,1190,499,691
31045,Nebraska,Dawes County,798,415,383,2483,1237,1246,1279,650,629,1658,804,854,1034,513,521,370,176,194,788,329,459
31047,Nebraska,Dawson County,3654,1896,1758,4678,2417,2261,4471,2468,2003,5297,2812,2485,2652,1354,1298,1030,526,504,1762,763,999
31049,Nebraska,Deuel County,194,103,91,288,141,147,233,116,117,459,236,223,314,160,154,112,55,57,204,93,111
31051,Nebraska,Dixon County,778,396,382,1063,553,510,845,444,401,1282,657,625,829,435,394,302,158,144,508,211,297
31053,Nebraska,Dodge County,4846,2471,2375,7369,3809,3560,6246,3239,3007,8460,4274,4186,4403,2151,2252,1689,778,911,3308,1371,1937
31055,Nebraska,Douglas County,82805,42329,40476,114471,57746,56725,130349,65740,64609,135337,67583,67754,59254,27807,31447,20812,9560,11252,30736,12452,18284
31057,Nebraska,Dundy County,157,77,80,299,167,132,233,117,116,410,204,206,282,151,131,99,47,52,195,84,111
31059,Nebraska,Fillmore County,562,293,269,885,429,456,978,511,467,1340,694,646,857,441,416,287,128,159,612,260,352
31061,Nebraska,Franklin County,324,166,158,463,234,229,421,215,206,662,327,335,502,270,232,188,87,101,393,177,216
31063,Nebraska,Frontier County,272,151,121,502,278,224,377,187,190,572,281,291,407,214,193,160,84,76,311,139,172
31065,Nebraska,Furnas County,541,285,256,817,424,393,679,355,324,1054,537,517,729,361,368,306,143,163,540,222,318
31067,Nebraska,Gage County,2590,1351,1239,3762,1973,1789,3534,1799,1735,5329,2670,2659,3062,1518,1544,1038,505,533,2173,926,1247
31069,Nebraska,Garden County,187,94,93,278,170,108,279,153,126,417,208,209,308,168,140,104,44,60,273,128,145
31071,Nebraska,Garfield County,197,104,93,299,138,161,288,159,129,416,201,215,325,181,144,123,64,59,308,124,184
31073,Nebraska,Gosper County,229,116,113,315,176,139,308,143,165,478,253,225,296,148,148,125,67,58,228,109,119
31075,Nebraska,Grant County,92,43,49,96,55,41,102,59,43,136,67,69,105,57,48,37,17,20,63,32,31
31077,Nebraska,Greeley County,287,145,142,407,208,199,344,171,173,512,254,258,349,185,164,116,68,48,324,135,189
31079,Nebraska,Hall County,9365,4846,4519,12458,6408,6050,11995,6228,5767,14423,7382,7041,6540,3157,3383,2386,1137,1249,3997,1703,2294
31081,Nebraska,Hamilton County,1202,656,546,1708,910,798,1562,793,769,2220,1112,1108,1219,599,620,466,230,236,877,376,501
31083,Nebraska,Harlan County,366,192,174,524,285,239,437,212,225,789,411,378,554,296,258,233,112,121,422,201,221
31085,Nebraska,Hayes County,126,50,76,140,74,66,132,68,64,170,83,87,169,87,82,53,35,18,127,61,66
31087,Nebraska,Hitchcock County,326,166,160,466,259,207,417,203,214,638,321,317,425,218,207,192,95,97,315,130,185
31089,Nebraska,Holt County,1403,745,658,1799,921,878,1506,761,745,2217,1132,1085,1490,761,729,543,272,271,1036,445,591
31091,Nebraska,Hooker County,68,37,31,111,55,56,82,39,43,140,74,66,109,54,55,36,15,21,107,46,61
31093,Nebraska,Howard County,846,425,421,1119,601,518,1073,541,532,1587,805,782,847,434,413,370,173,197,628,298,330
31095,Nebraska,Jefferson County,852,427,425,1165,573,592,1113,567,546,1631,807,824,1113,577,536,429,203,226,785,331,454
31097,Nebraska,Johnson County,494,235,259,830,480,350,1126,815,311,1293,829,464,647,352,295,226,111,115,438,168,270
31099,Nebraska,Kearney County,861,445,416,1256,626,630,1148,585,563,1561,796,765,872,443,429,317,152,165,629,271,358
31101,Nebraska,Keith County,884,476,408,1245,647,598,1204,594,610,1832,930,902,1280,635,645,584,289,295,960,443,517
31103,Nebraska,Keya Paha County,59,29,30,127,65,62,88,48,40,168,84,84,131,72,59,66,31,35,129,60,69
31105,Nebraska,Kimball County,382,205,177,578,307,271,535,267,268,801,386,415,561,291,270,211,96,115,451,195,256
31107,Nebraska,Knox County,1081,546,535,1525,771,754,1130,591,539,1803,913,890,1233,603,630,498,254,244,1042,418,624
31109,Nebraska,Lancaster County,39484,20386,19098,79952,40440,39512,65843,34632,31211,70077,35681,34396,33834,16149,17685,12540,5773,6767,18499,7663,10836
31111,Nebraska,Lincoln County,4192,2160,2032,6323,3225,3098,6044,3037,3007,8388,4225,4163,4696,2303,2393,1803,886,917,3043,1255,1788
31113,Nebraska,Logan County,83,51,32,137,72,65,115,61,54,175,86,89,118,60,58,36,17,19,80,38,42
31115,Nebraska,Loup County,72,39,33,103,52,51,82,44,38,141,68,73,118,62,56,57,27,30,68,31,37
31117,Nebraska,McPherson County,27,14,13,91,44,47,57,25,32,133,73,60,86,42,44,25,8,17,56,32,24
31119,Nebraska,Madison County,5031,2453,2578,7085,3605,3480,6651,3479,3172,7864,3919,3945,4333,2151,2182,1336,627,709,2563,1071,1492
31121,Nebraska,Merrick County,913,454,459,1378,708,670,1313,661,652,1968,1011,957,1105,574,531,364,187,177,776,327,449
31123,Nebraska,Morrill County,524,270,254,859,456,403,781,405,376,1088,553,535,666,341,325,223,118,105,486,221,265
31125,Nebraska,Nance County,444,231,213,621,316,305,540,289,251,861,430,431,563,293,270,171,82,89,321,109,212
31127,Nebraska,Nemaha County,860,433,427,1551,780,771,1229,640,589,1470,729,741,921,461,460,354,181,173,629,275,354
31129,Nebraska,Nuckolls County,428,224,204,659,341,318,608,300,308,887,464,423,713,358,355,264,124,140,570,241,329
31131,Nebraska,Otoe County,2055,1077,978,2902,1479,1423,2657,1372,1285,3922,1975,1947,2149,1049,1100,771,368,403,1507,619,888
31133,Nebraska,Pawnee County,330,174,156,405,203,202,352,181,171,552,262,290,409,217,192,182,92,90,387,162,225
31135,Nebraska,Perkins County,374,192,182,526,287,239,452,241,211,634,324,310,408,207,201,171,82,89,309,134,175
31137,Nebraska,Phelps County,1175,602,573,1663,880,783,1575,839,736,2124,1064,1060,1079,559,520,431,197,234,959,373,586
31139,Nebraska,Pierce County,977,478,499,1330,693,637,1188,628,560,1718,868,850,940,497,443,317,156,161,693,298,395
31141,Nebraska,Platte County,4925,2490,2435,6545,3412,3133,6112,3241,2871,7595,3852,3743,4123,2093,2030,1401,675,726,2686,1125,1561
31143,Nebraska,Polk County,586,297,289,960,495,465,748,374,374,1284,661,623,796,395,401,286,155,131,530,240,290
31145,Nebraska,Red Willow County,1293,672,621,2032,1073,959,1835,936,899,2422,1216,1206,1488,735,753,501,256,245,1082,435,647
31147,Nebraska,Richardson County,916,479,437,1286,673,613,1148,579,569,1859,938,921,1220,611,609,448,219,229,936,412,524
31149,Nebraska,Rock County,150,73,77,223,122,101,205,107,98,281,137,144,267,130,137,98,52,46,149,56,93
31151,Nebraska,Saline County,1959,1004,955,3388,1787,1601,2352,1244,1108,3360,1727,1633,1501,759,742,527,256,271,933,402,531
31153,Nebraska,Sarpy County,27442,14088,13354,39141,20289,18852,41398,21012,20386,47158,23599,23559,17876,8564,9312,6198,2898,3300,9196,3826,5370
31155,Nebraska,Saunders County,2872,1480,1392,4015,2136,1879,3782,1902,1880,5465,2760,2705,2844,1466,1378,1092,571,521,1766,751,1015
31157,Nebraska,Scotts Bluff County,4754,2450,2304,6847,3474,3373,6305,3109,3196,8041,3956,4085,4604,2199,2405,1656,778,878,3139,1226,1913
31159,Nebraska,Seward County,2167,1116,1051,4145,2221,1924,2797,1443,1354,3954,2035,1919,2015,1011,1004,766,383,383,1350,595,755
31161,Nebraska,Sheridan County,618,320,298,876,460,416,753,394,359,1110,586,524,810,382,428,348,172,176,644,246,398
31163,Nebraska,Sherman County,320,171,149,487,243,244,413,206,207,671,334,337,505,258,247,197,108,89,390,156,234
31165,Nebraska,Sioux County,90,48,42,198,110,88,149,79,70,268,140,128,226,124,102,77,40,37,176,87,89
31167,Nebraska,Stanton County,768,395,373,1094,559,535,999,513,486,1440,745,695,833,420,413,262,127,135,488,228,260
31169,Nebraska,Thayer County,621,320,301,854,419,435,712,358,354,1125,582,543,711,361,350,311,152,159,567,240,327
31171,Nebraska,Thomas County,90,41,49,120,72,48,101,54,47,149,71,78,128,66,62,42,18,24,89,40,49
31173,Nebraska,Thurston County,1450,724,726,1844,949,895,1293,679,614,1365,613,752,688,352,336,218,101,117,355,148,207
31175,Nebraska,Valley County,530,252,278,687,360,327,628,312,316,940,481,459,563,288,275,268,120,148,484,227,257
31177,Nebraska,Washington County,2571,1338,1233,3959,2052,1907,3381,1699,1682,5532,2765,2767,2779,1394,1385,1093,537,556,1511,638,873
31179,Nebraska,Wayne County,988,497,491,2997,1504,1493,1441,766,675,1888,949,939,1061,557,504,333,171,162,762,327,435
31181,Nebraska,Webster County,387,216,171,614,299,315,526,282,244,835,417,418,513,278,235,177,86,91,375,133,242
31183,Nebraska,Wheeler County,93,44,49,105,57,48,106,56,50,167,89,78,153,83,70,61,32,29,99,40,59
31185,Nebraska,York County,1704,898,806,2650,1406,1244,2398,1161,1237,2968,1463,1505,1786,848,938,679,330,349,1333,561,772
32001,Nevada,Churchill County,3315,1664,1651,4446,2337,2109,5178,2725,2453,5792,2947,2845,3207,1524,1683,1367,661,706,2029,984,1045
32003,Nevada,Clark County,286365,146432,139933,426209,217107,209102,511016,257802,253214,595949,298885,297064,247731,118505,129226,100258,47292,52966,140012,63659,76353
32005,Nevada,Douglas County,3732,1963,1769,6657,3514,3143,7206,3751,3455,11641,5687,5954,9615,4656,4959,4171,2112,2059,6113,3011,3102
32007,Nevada,Elko County,7622,3952,3670,10945,5726,5219,11754,6165,5589,12936,6722,6214,5533,2911,2622,1712,866,846,2495,1180,1315
32009,Nevada,Esmeralda County,55,28,27,105,62,43,135,71,64,218,123,95,132,77,55,94,54,40,139,79,60
32011,Nevada,Eureka County,207,98,109,380,209,171,350,186,164,592,332,260,305,177,128,98,52,46,153,80,73
32013,Nevada,Humboldt County,2551,1292,1259,3338,1733,1605,3458,1818,1640,3983,2105,1878,2037,1064,973,700,376,324,889,411,478
32015,Nevada,Lander County,818,425,393,1012,500,512,1109,566,543,1302,705,597,672,358,314,221,111,110,389,177,212
32017,Nevada,Lincoln County,486,268,218,895,494,401,880,495,385,1223,647,576,746,376,370,368,203,165,565,282,283
32019,Nevada,Lyon County,6543,3357,3186,9482,4909,4573,11318,6019,5299,13835,7033,6802,8448,4190,4258,3810,1951,1859,4706,2333,2373
32021,Nevada,Mineral County,509,249,260,644,337,307,785,406,379,1007,487,520,744,388,356,302,142,160,529,240,289
32023,Nevada,Nye County,4245,2189,2056,6562,3476,3086,6888,3667,3221,10882,5402,5480,9015,4423,4592,4158,2104,2054,6042,3138,2904
32027,Nevada,Pershing County,636,316,320,971,589,382,1486,1075,411,1917,1359,558,797,462,335,284,162,122,486,257,229
32029,Nevada,Storey County,217,116,101,491,243,248,551,298,253,1083,545,538,916,449,467,437,231,206,508,267,241
32031,Nevada,Washoe County,55449,28482,26967,87200,44804,42396,104767,54288,50479,116227,58700,57527,58536,28460,30076,23361,11416,11945,30638,14160,16478
32033,Nevada,White Pine County,1004,508,496,1596,895,701,2011,1308,703,2365,1417,948,1219,693,526,439,228,211,831,394,437
32510,Nevada,Carson City,6257,3133,3124,9260,4823,4437,10892,6012,4880,13661,7209,6452,7759,3743,4016,3224,1537,1687,4959,2154,2805
33001,New Hampshire,Belknap County,5591,2863,2728,9625,4947,4678,10086,5076,5010,16389,8028,8361,10310,4995,5315,3991,1928,2063,5580,2561,3019
33003,New Hampshire,Carroll County,3829,1947,1882,6525,3456,3069,6864,3456,3408,12401,5981,6420,9858,4786,5072,4153,2106,2047,5483,2590,2893
33005,New Hampshire,Cheshire County,7232,3647,3585,14302,7107,7195,13774,7008,6766,18652,9113,9539,11489,5600,5889,4399,2121,2278,6346,2702,3644
33007,New Hampshire,Coos County,2578,1336,1242,4584,2493,2091,5116,2922,2194,8401,4430,3971,5349,2724,2625,2039,1074,965,3183,1385,1798
33009,New Hampshire,Grafton County,7466,3867,3599,18541,9512,9029,16111,8156,7955,21416,10311,11105,13710,6683,7027,5237,2534,2703,8174,3673,4501
33011,New Hampshire,Hillsborough County,44160,22669,21491,74560,38275,36285,86450,44529,41921,114377,56932,57445,52752,25842,26910,18228,8627,9601,28207,11563,16644
33013,New Hampshire,Merrimack County,14803,7399,7404,27244,13904,13340,28769,14885,13884,40574,20006,20568,21638,10382,11256,7784,3659,4125,11614,4793,6821
33015,New Hampshire,Rockingham County,29928,15377,14551,51459,26520,24939,56955,29150,27805,88253,43414,44839,45239,22055,23184,16167,7700,8467,22969,9776,13193
33017,New Hampshire,Strafford County,12419,6421,5998,31141,15043,16098,26016,13512,12504,32088,15820,16268,15825,7689,8136,5530,2588,2942,8337,3468,4869
33019,New Hampshire,Sullivan County,4068,2065,2003,6667,3469,3198,7437,3786,3651,11597,5754,5843,6914,3420,3494,2684,1308,1376,3896,1645,2251
34001,New Jersey,Atlantic County,29502,15111,14391,48954,24906,24048,46517,23190,23327,68493,32651,35842,35679,16873,18806,13136,6126,7010,21058,8637,12421
34003,New Jersey,Bergen County,102125,52128,49997,168302,85548,82754,168349,84119,84230,262352,127622,134730,114045,54263,59782,41511,19141,22370,74965,30019,44946
34005,New Jersey,Burlington County,47663,24338,23325,80500,42077,38423,85157,43726,41431,122534,60071,62463,56138,26721,29417,20494,9247,11247,34298,13750,20548
34007,New Jersey,Camden County,62514,31894,30620,92888,47343,45545,105177,51928,53249,130875,62606,68269,59713,27802,31911,21354,9463,11891,34549,13498,21051
34009,New Jersey,Cape May County,8544,4285,4259,13853,7228,6625,14008,7269,6739,21594,10497,11097,15915,7428,8487,6976,3286,3690,10887,4594,6293
34011,New Jersey,Cumberland County,19404,9769,9635,28178,14470,13708,30448,17055,13393,37248,18988,18260,16279,7737,8542,6181,2893,3288,9861,3983,5878
34013,New Jersey,Essex County,106309,54309,52000,152486,77333,75153,166195,81297,84898,216360,104477,111883,82930,37985,44945,28470,12301,16169,48724,18256,30468
34015,New Jersey,Gloucester County,32168,16466,15702,56138,28717,27421,55337,27617,27720,80166,38630,41536,36544,17227,19317,13088,5957,7131,19630,7916,11714
34017,New Jersey,Hudson County,83832,42772,41060,104186,53564,50622,203061,105205,97856,164546,82572,81974,60522,28210,32312,21126,9223,11903,35602,13562,22040
34019,New Jersey,Hunterdon County,11363,5692,5671,22928,12126,10802,18376,9254,9122,36811,17739,19072,18808,9368,9440,6464,3155,3309,10229,4410,5819
34021,New Jersey,Mercer County,42362,21726,20636,76493,38523,37970,68735,35136,33599,98263,48415,49848,41730,19778,21952,14618,6559,8059,25501,9957,15544
34023,New Jersey,Middlesex County,96287,49441,46846,157526,80204,77322,166221,84270,81951,221628,110570,111058,94303,45173,49130,33000,15050,17950,54941,22184,32757
34025,New Jersey,Monmouth County,65032,33160,31872,114648,58414,56234,102510,51627,50883,174025,84286,89739,84295,40634,43661,29910,13825,16085,48612,19426,29186
34027,New Jersey,Morris County,51298,26606,24692,91699,46648,45051,85166,43444,41722,141148,69477,71671,60805,29539,31266,21824,9993,11831,39575,16142,23433
34029,New Jersey,Ocean County,86203,44217,41986,107838,55247,52591,99366,50292,49074,137292,67032,70260,80312,36932,43380,36336,16046,20290,65566,26432,39134
34031,New Jersey,Passaic County,66476,34033,32443,99935,50372,49563,99807,50203,49604,127799,62552,65247,54879,26158,28721,19652,8762,10890,32531,12830,19701
34033,New Jersey,Salem County,7090,3566,3524,11156,5742,5414,11281,5721,5560,16293,7975,8318,8283,3999,4284,3184,1521,1663,5165,2036,3129
34035,New Jersey,Somerset County,35371,18171,17200,61947,31811,30136,57568,28781,28787,96882,47447,49435,40334,19588,20746,13272,6054,7218,24357,9463,14894
34037,New Jersey,Sussex County,13487,6843,6644,24552,12545,12007,23950,12450,11500,40736,20163,20573,20529,10157,10372,7005,3324,3681,9976,4312,5664
34039,New Jersey,Union County,71272,36312,34960,104656,53142,51514,108852,54757,54095,153659,75751,77908,60947,29013,31934,20933,9372,11561,35761,13964,21797
34041,New Jersey,Warren County,10206,5226,4980,18814,9472,9342,18123,9265,8858,29939,14790,15149,14699,7163,7536,5072,2373,2699,8768,3547,5221
35001,New Mexico,Bernalillo County,75921,38764,37157,129067,65679,63388,149598,75873,73725,165711,81380,84331,82034,37626,44408,32073,14835,17238,47194,19774,27420
35003,New Mexico,Catron County,200,112,88,400,197,203,344,192,152,716,353,363,852,425,427,462,251,211,639,361,278
35005,New Mexico,Chaves County,8744,4454,4290,14370,7637,6733,12583,6297,6286,14741,7172,7569,7196,3474,3722,2660,1260,1400,4473,1913,2560
35006,New Mexico,Cibola County,3338,1702,1636,5071,2582,2489,5557,3074,2483,6186,3292,2894,3265,1563,1702,1160,527,633,1885,805,1080
35007,New Mexico,Colfax County,1087,568,519,1826,963,863,1899,1021,878,2726,1387,1339,2115,1052,1063,910,457,453,1431,662,769
35009,New Mexico,Curry County,7476,3807,3669,11294,6381,4913,11577,6211,5366,9677,4792,4885,4428,2147,2281,1657,781,876,2808,1143,1665
35011,New Mexico,De Baca County,176,87,89,295,152,143,245,134,111,361,181,180,259,135,124,138,70,68,221,92,129
35013,New Mexico,Doña Ana County,28496,14461,14035,56177,28304,27873,42232,21634,20598,45313,21576,23737,23091,10791,12300,9876,4706,5170,15660,7105,8555
35015,New Mexico,Eddy County,8720,4447,4273,11923,6014,5909,12567,6719,5848,13301,6743,6558,6258,3134,3124,2124,1015,1109,3576,1518,2058
35017,New Mexico,Grant County,2763,1382,1381,4545,2376,2169,3955,2014,1941,5845,2807,3038,4424,2080,2344,2143,1063,1080,3364,1595,1769
35019,New Mexico,Guadalupe County,446,237,209,784,452,332,941,613,328,959,547,412,537,290,247,206,107,99,415,188,227
35021,New Mexico,Harding County,47,22,25,53,31,22,89,44,45,128,68,60,141,74,67,61,29,32,119,63,56
35023,New Mexico,Hidalgo County,490,248,242,746,380,366,701,388,313,963,464,499,548,269,279,263,132,131,423,186,237
35025,New Mexico,Lea County,11711,5978,5733,16919,8784,8135,15467,8279,7188,15885,8233,7652,6335,3162,3173,2057,972,1085,3336,1406,1930
35027,New Mexico,Lincoln County,1909,986,923,2874,1515,1359,2898,1389,1509,4424,2109,2315,3605,1667,1938,1726,831,895,2470,1182,1288
35028,New Mexico,Los Alamos County,2153,1100,1053,3417,1755,1662,3986,2206,1780,5066,2542,2524,2422,1245,1177,881,438,443,1552,695,857
35029,New Mexico,Luna County,3542,1763,1779,4810,2524,2286,4290,2289,2001,4886,2423,2463,2671,1273,1398,1367,642,725,2330,1124,1206
35031,New Mexico,McKinley County,10525,5308,5217,15935,8015,7920,15136,7566,7570,16064,7572,8492,7246,3261,3985,2390,1008,1382,3723,1431,2292
35033,New Mexico,Mora County,413,204,209,651,351,300,642,326,316,1050,528,522,820,417,403,354,188,166,556,281,275
35035,New Mexico,Otero County,8654,4438,4216,13669,7577,6092,14835,8253,6582,14426,7095,7331,7943,3793,4150,3141,1583,1558,5225,2390,2835
35037,New Mexico,Quay County,946,434,512,1348,705,643,1281,671,610,1861,895,966,1271,584,687,589,296,293,939,441,498
35039,New Mexico,Rio Arriba County,4831,2433,2398,7016,3528,3488,6639,3353,3286,9298,4596,4702,5417,2585,2832,2086,993,1093,3343,1475,1868
35041,New Mexico,Roosevelt County,2453,1241,1212,5132,2611,2521,3458,1829,1629,3609,1805,1804,1788,836,952,706,329,377,1235,550,685
35043,New Mexico,Sandoval County,17102,8806,8296,27929,14270,13659,28220,14248,13972,36989,18060,18929,19629,9063,10566,8021,3820,4201,10643,4708,5935
35045,New Mexico,San Juan County,16425,8324,8101,25757,13075,12682,24944,12615,12329,28615,14103,14512,14657,7170,7487,5076,2346,2730,8063,3362,4701
35047,New Mexico,San Miguel County,2539,1309,1230,4840,2485,2355,4682,2430,2252,6658,3326,3332,4105,1968,2137,1769,842,927,2598,1176,1422
35049,New Mexico,Santa Fe County,13068,6622,6446,23889,11914,11975,25779,13092,12687,37362,18211,19151,24969,11317,13652,11878,5609,6269,14840,6561,8279
35051,New Mexico,Sierra County,969,503,466,1299,689,610,1370,715,655,2201,1055,1146,1997,964,1033,1120,533,587,1907,996,911
35053,New Mexico,Socorro County,1995,993,1002,3482,1862,1620,2785,1465,1320,3732,1830,1902,2234,1079,1155,914,443,471,1398,641,757
35055,New Mexico,Taos County,2865,1447,1418,4809,2521,2288,5051,2534,2517,7985,3934,4051,5606,2656,2950,2619,1221,1398,3705,1661,2044
35057,New Mexico,Torrance County,1639,829,810,2781,1477,1304,2712,1604,1108,3744,1927,1817,2347,1194,1153,970,486,484,1260,629,631
35059,New Mexico,Union County,429,223,206,647,373,274,857,591,266,940,565,375,538,276,262,215,93,122,408,160,248
35061,New Mexico,Valencia County,9240,4672,4568,15359,7968,7391,14578,7565,7013,18688,9419,9269,9904,4739,5165,4002,1991,2011,5678,2566,3112
36001,New York,Albany County,30578,15727,14851,68279,33639,34640,59610,29758,29852,71907,35075,36832,36688,17447,19241,14232,6485,7747,22857,8838,14019
36003,New York,Allegany County,4913,2576,2337,10900,5765,5135,7026,3569,3457,10432,5199,5233,6245,3148,3097,2456,1248,1208,3730,1678,2052
36005,New York,Bronx County,197294,100448,96846,282589,143538,139051,316721,153024,163697,341710,156264,185446,135933,60361,75572,47208,19730,27478,85200,30221,54979
36007,New York,Broome County,19906,10346,9560,43421,22446,20975,32115,16294,15821,43335,21309,22026,24702,12067,12635,9205,4321,4884,17213,6836,10377
36009,New York,Cattaraugus County,8910,4622,4288,14596,7444,7152,12547,6346,6201,18841,9407,9434,10888,5372,5516,4004,1980,2024,6226,2675,3551
36011,New York,Cayuga County,7696,3948,3748,13095,6880,6215,14196,7794,6402,19784,10322,9462,10923,5405,5518,4055,1997,2058,6444,2748,3696
36013,New York,Chautauqua County,13776,6936,6840,23614,12138,11476,21685,11167,10518,30821,15251,15570,18297,9064,9233,6554,3115,3439,11522,4741,6781
36015,New York,Chemung County,9416,4751,4665,14699,7523,7176,15460,8078,7382,20803,10446,10357,11265,5425,5840,4261,1972,2289,6974,2831,4143
36017,New York,Chenango County,5148,2601,2547,7830,4076,3754,7914,4048,3866,12088,6005,6083,7006,3527,3479,2636,1285,1351,4251,1941,2310
36019,New York,Clinton County,7851,4031,3820,16422,8282,8140,14963,8367,6596,20494,10818,9676,10360,5111,5249,3860,1871,1989,5957,2567,3390
36021,New York,Columbia County,5060,2597,2463,8730,4712,4018,9819,4930,4889,15914,7972,7942,9666,4767,4899,4019,1948,2071,6388,2857,3531
36023,New York,Cortland County,4764,2494,2270,12662,6077,6585,7892,4000,3892,10881,5418,5463,5541,2738,2803,2144,1037,1107,3403,1428,1975
36025,New York,Delaware County,3665,1884,1781,7534,4011,3523,6695,3453,3242,10879,5403,5476,7290,3690,3600,3014,1522,1492,4997,2257,2740
36027,New York,Dutchess County,27859,14319,13540,57270,28826,28444,52723,27582,25141,79843,39919,39924,38783,19116,19667,13659,6356,7303,23509,9729,13780
36029,New York,Erie County,101328,51817,49511,165926,83846,82080,188583,94471,94112,224161,108887,115274,121261,57189,64072,43106,19664,23442,73817,28709,45108
36031,New York,Essex County,2960,1494,1466,5299,2862,2437,6552,3755,2797,9741,4948,4793,6164,3122,3042,2331,1143,1188,3903,1742,2161
36033,New York,Franklin County,5080,2617,2463,9216,5315,3901,10435,6389,4046,12908,7196,5712,6403,3216,3187,2323,1161,1162,3652,1591,2061
36035,New York,Fulton County,5579,2900,2679,8861,4527,4334,9575,4933,4642,14125,7114,7011,7420,3625,3795,2872,1378,1494,4562,1824,2738
36037,New York,Genesee County,6179,3048,3131,9917,5097,4820,10610,5608,5002,14768,7433,7335,7907,3901,4006,2759,1321,1438,4989,2064,2925
36039,New York,Greene County,4134,2122,2012,7562,4484,3078,8296,4487,3809,12509,6421,6088,7146,3521,3625,2957,1428,1529,4616,2106,2510
36041,New York,Hamilton County,273,133,140,537,289,248,511,246,265,1114,566,548,986,487,499,418,218,200,531,261,270
36043,New York,Herkimer County,6455,3298,3157,10904,5577,5327,10435,5296,5139,15396,7657,7739,8838,4360,4478,3465,1703,1762,5563,2340,3223
36045,New York,Jefferson County,15584,7986,7598,23391,13366,10025,25272,14170,11102,22639,11419,11220,10895,5244,5651,4267,2046,2221,6602,2783,3819
36047,New York,Kings County,344411,176273,168138,428661,213596,215065,661314,319953,341361,598586,279340,319246,256174,114283,141891,97021,41864,55157,160791,60768,100023
36049,New York,Lewis County,3285,1697,1588,4603,2356,2247,4553,2348,2205,6619,3408,3211,3787,1900,1887,1235,620,615,2157,981,1176
36051,New York,Livingston County,5600,2860,2740,14677,7169,7508,10229,5639,4590,15451,7976,7475,8556,4211,4345,3137,1515,1622,4911,2099,2812
36053,New York,Madison County,7002,3702,3300,15188,7502,7686,11277,5692,5585,17813,8825,8988,10127,5037,5090,3515,1696,1819,5667,2440,3227
36055,New York,Monroe County,82436,41800,40636,141218,71548,69670,151818,74948,76870,180769,86184,94585,92734,43997,48737,34829,15805,19024,57966,23141,34825
36057,New York,Montgomery County,6169,3119,3050,8883,4581,4302,9203,4597,4606,12007,5905,6102,6473,3209,3264,2431,1187,1244,4062,1666,2396
36059,New York,Nassau County,154049,79330,74719,250459,128126,122333,241112,121191,119921,363640,177315,186325,171317,81769,89548,62512,28956,33556,110455,43896,66559
36061,New York,New York County,139583,70900,68683,232720,108182,124538,485456,236937,248519,390688,192941,197747,168869,77240,91629,71072,29578,41494,130006,50207,79799
36063,New York,Niagara County,22276,11296,10980,35736,18179,17557,38429,19302,19127,53700,26183,27517,30276,14713,15563,10825,5131,5694,17539,7035,10504
36065,New York,Oneida County,26325,13551,12774,43065,22397,20668,42019,21884,20135,56269,28350,27919,29122,14137,14985,11268,5286,5982,19645,7849,11796
36067,New York,Onondaga County,53257,27184,26073,89616,44584,45032,90095,44482,45613,112660,54318,58342,58310,27917,30393,20673,9421,11252,35272,14040,21232
36069,New York,Ontario County,11308,5752,5556,19980,10169,9811,18911,9583,9328,28246,13772,14474,15761,7589,8172,6315,2994,3321,9602,3996,5606
36071,New York,Orange County,52675,26931,25744,84988,45497,39491,69456,35341,34115,99224,48958,50266,40975,19940,21035,14827,6872,7955,23207,9468,13739
36073,New York,Orleans County,3985,2048,1937,6933,3563,3370,7642,4026,3616,10714,5286,5428,5694,2831,2863,2026,981,1045,3103,1308,1795
36075,New York,Oswego County,12979,6640,6339,23019,11790,11229,21227,10846,10381,30516,15204,15312,15449,7748,7701,5381,2647,2734,7984,3447,4537
36077,New York,Otsego County,4964,2583,2381,13972,6533,7439,8931,4550,4381,13549,6732,6817,8474,4055,4419,3380,1665,1715,5613,2418,3195
36079,New York,Putnam County,9510,4818,4692,17679,9177,8502,16977,8884,8093,28786,14368,14418,13353,6584,6769,4714,2281,2433,7568,3157,4411
36081,New York,Queens County,261415,133678,127737,349424,176755,172669,511657,256723,254934,591721,288846,302875,264256,123621,140635,94025,41838,52187,162800,63679,99121
36083,New York,Rensselaer County,16522,8524,7998,29284,15555,13729,32696,16358,16338,40238,19608,20630,20617,9973,10644,7652,3610,4042,11385,4613,6772
36085,New York,Richmond County,55538,28677,26861,86510,44081,42429,93971,47009,46962,127027,61196,65831,58255,27431,30824,21403,9645,11758,33141,13177,19964
36087,New York,Rockland County,52576,26660,25916,70553,36198,34355,56234,28613,27621,75970,37220,38750,33937,16165,17772,13079,5818,7261,24097,9641,14456
36089,New York,St. Lawrence County,11383,5906,5477,24307,12809,11498,18545,10010,8535,26097,13262,12835,13780,6858,6922,5056,2465,2591,8194,3503,4691
36091,New York,Saratoga County,23714,12109,11605,39314,19984,19330,42652,21800,20852,63716,31412,32304,30494,14739,15755,12289,5747,6542,18045,7674,10371
36093,New York,Schenectady County,18550,9570,8980,28564,14607,13957,30925,15415,15510,39306,19125,20181,19134,9134,10000,6954,3227,3727,12047,4702,7345
36095,New York,Schoharie County,2836,1457,1379,5724,2917,2807,4973,2520,2453,7870,3941,3929,4742,2322,2420,1967,985,982,3004,1414,1590
36097,New York,Schuyler County,1804,928,876,2666,1371,1295,2995,1512,1483,4758,2376,2382,2857,1424,1433,1055,529,526,1567,690,877
36099,New York,Seneca County,3658,1915,1743,5971,3286,2685,6677,3798,2879,8262,4347,3915,4865,2430,2435,1854,886,968,2757,1229,1528
36101,New York,Steuben County,10864,5566,5298,16360,8444,7916,16781,8510,8271,24389,12161,12228,13285,6647,6638,4986,2355,2631,8176,3558,4618
36103,New York,Suffolk County,161255,81944,79311,276464,141461,135003,263826,134944,128882,410260,202757,207503,183036,88516,94520,66841,30637,36204,114454,46207,68247
36105,New York,Sullivan County,8916,4626,4290,13156,6888,6268,13592,7093,6499,19845,10391,9454,10243,5172,5071,4099,1997,2102,5924,2774,3150
36107,New York,Tioga County,5010,2563,2447,8341,4319,4022,7987,4041,3946,12441,6153,6288,7068,3527,3541,2643,1250,1393,4507,1990,2517
36109,New York,Tompkins County,7965,4057,3908,33080,16801,16279,18443,9165,9278,20512,9931,10581,11025,5209,5816,4238,2024,2214,6073,2591,3482
36111,New York,Ulster County,16086,8281,7805,30463,15308,15155,33111,17384,15727,47515,23899,23616,25380,12310,13070,9841,4664,5177,15443,6448,8995
36113,New York,Warren County,5957,3058,2899,9967,5163,4804,11172,5662,5510,16636,8043,8593,9901,4785,5116,4072,1967,2105,6107,2623,3484
36115,New York,Washington County,5892,3014,2878,9918,5479,4439,11170,6047,5123,16633,8691,7942,8706,4355,4351,3285,1605,1680,5148,2239,2909
36117,New York,Wayne County,10138,5179,4959,15152,7716,7436,15679,7951,7728,23767,11841,11926,12764,6357,6407,4753,2297,2456,7226,3131,4095
36119,New York,Westchester County,109993,56511,53482,182330,92430,89900,172752,86532,86220,266516,129378,137138,114414,53974,60440,41800,18967,22833,79336,30668,48668
36121,New York,Wyoming County,3888,1967,1921,6266,3286,2980,8185,4987,3198,10799,6021,4778,5500,2842,2658,2007,1009,998,2933,1317,1616
36123,New York,Yates County,3111,1596,1515,5128,2443,2685,3909,1956,1953,5389,2610,2779,3639,1740,1899,1479,762,717,2156,948,1208
37001,North Carolina,Alamance County,20172,10476,9696,35285,17178,18107,31595,15036,16559,43442,20805,22637,19831,9158,10673,7716,3400,4316,12904,5080,7824
37003,North Carolina,Alexander County,3802,1946,1856,6290,3278,3012,6723,3679,3044,10251,5364,4887,4994,2422,2572,2120,1017,1103,3309,1371,1938
37005,North Carolina,Alleghany County,995,502,493,1582,783,799,1617,870,747,2852,1437,1415,1928,926,1002,903,440,463,1325,582,743
37007,North Carolina,Anson County,2583,1364,1219,4124,2123,2001,4743,2674,2069,6061,3022,3039,3232,1573,1659,1296,643,653,1960,730,1230
37009,North Carolina,Ashe County,2304,1158,1146,4057,2069,1988,4075,2117,1958,7153,3589,3564,4493,2147,2346,2045,1017,1028,3079,1293,1786
37011,North Carolina,Avery County,1368,685,683,2838,1451,1387,3309,2086,1223,4770,2787,1983,2494,1224,1270,1133,549,584,1665,748,917
37013,North Carolina,Beaufort County,4765,2358,2407,7774,3970,3804,7103,3353,3750,11871,5671,6200,7548,3529,4019,3305,1544,1761,4786,2019,2767
37015,North Carolina,Bertie County,1667,857,810,3034,1705,1329,3396,2014,1382,4591,2310,2281,2990,1386,1604,1118,509,609,1991,755,1236
37017,North Carolina,Bladen County,3454,1730,1724,5630,2819,2811,5222,2540,2682,8310,3897,4413,5138,2375,2763,2083,988,1095,3102,1259,1843
37019,North Carolina,Brunswick County,11340,5878,5462,17712,9102,8610,20018,9736,10282,33949,15747,18202,33020,14800,18220,15106,7422,7684,16524,7960,8564
37021,North Carolina,Buncombe County,25710,13116,12594,41822,20925,20897,54801,26779,28022,67491,32910,34581,35886,16291,19595,15090,6905,8185,22454,9170,13284
37023,North Carolina,Burke County,8611,4422,4189,15207,8432,6775,15991,8251,7740,24766,12311,12455,12548,5965,6583,5156,2414,2742,8229,3374,4855
37025,North Carolina,Cabarrus County,29188,15100,14088,44142,22505,21637,43833,21193,22640,61092,29874,31218,21959,10232,11727,8234,3722,4512,11902,4762,7140
37027,North Carolina,Caldwell County,8578,4293,4285,13901,7187,6714,13965,7049,6916,22726,11445,11281,11329,5479,5850,4705,2203,2502,7026,2947,4079
37029,North Carolina,Camden County,1230,620,610,1957,1005,952,2024,1003,1021,3124,1602,1522,1347,672,675,494,236,258,773,345,428
37031,North Carolina,Carteret County,5917,3022,2895,10116,5342,4774,10715,5512,5203,18240,8769,9471,12285,5686,6599,5034,2467,2567,7304,3240,4064
37033,North Carolina,Caswell County,2196,1100,1096,3518,1875,1643,3852,2170,1682,5968,3093,2875,3460,1629,1831,1377,654,723,2136,868,1268
37035,North Carolina,Catawba County,18457,9410,9047,29817,15225,14592,28554,14159,14395,42730,21108,21622,20269,9620,10649,8216,3755,4461,12164,4967,7197
37037,North Carolina,Chatham County,7500,3817,3683,12028,6065,5963,10794,5273,5521,20303,9862,10441,11224,5253,5971,5132,2256,2876,8497,3648,4849
37039,North Carolina,Cherokee County,2424,1252,1172,3991,2065,1926,3858,1895,1963,7113,3494,3619,5361,2545,2816,2551,1233,1318,3716,1702,2014
37041,North Carolina,Chowan County,1399,708,691,2279,1160,1119,2134,1085,1049,3298,1541,1757,2267,1042,1225,957,428,529,1531,634,897
37043,North Carolina,Clay County,966,514,452,1577,850,727,1480,748,732,2658,1274,1384,2198,1001,1197,1079,517,562,1504,714,790
37045,North Carolina,Cleveland County,11629,5886,5743,18912,9556,9356,17351,8396,8955,25454,12232,13222,12673,6012,6661,5268,2358,2910,7570,3015,4555
37047,North Carolina,Columbus County,5909,2977,2932,9961,5186,4775,10001,5382,4619,13779,6853,6926,7227,3404,3823,3181,1440,1741,4920,1948,2972
37049,North Carolina,Craven County,12239,6199,6040,21117,11996,9121,19380,10142,9238,21597,10369,11228,12967,5937,7030,5539,2581,2958,8663,3678,4985
37051,North Carolina,Cumberland County,48941,24807,24134,77722,43038,34684,79182,40516,38666,71287,32503,38784,31240,14106,17134,11103,5027,6076,17114,6493,10621
37053,North Carolina,Currituck County,3412,1773,1639,4723,2402,2321,5443,2710,2733,7915,3925,3990,4149,2068,2081,1389,683,706,1773,821,952
37055,North Carolina,Dare County,3457,1793,1664,5763,2934,2829,5960,2962,2998,10139,4937,5202,6764,3218,3546,2418,1183,1235,2978,1366,1612
37057,North Carolina,Davidson County,19138,9728,9410,30321,15512,14809,29808,14677,15131,46146,22591,23555,21729,10594,11135,8698,4051,4647,13237,5476,7761
37059,North Carolina,Davie County,4591,2331,2260,7569,3932,3637,6658,3258,3400,11746,5705,6041,6032,2908,3124,2489,1197,1292,4092,1692,2400
37061,North Carolina,Duplin County,7449,3818,3631,11364,5927,5437,9823,4866,4957,14566,7115,7451,7630,3601,4029,3156,1478,1678,4868,2009,2859
37063,North Carolina,Durham County,38346,19496,18850,60571,29884,30687,84545,41048,43497,78824,37599,41225,34384,15152,19232,12354,5472,6882,17397,6923,10474
37065,North Carolina,Edgecombe County,5990,3059,2931,9437,4821,4616,8865,3993,4872,12205,5520,6685,7382,3259,4123,2819,1230,1589,4325,1638,2687
37067,North Carolina,Forsyth County,46242,23525,22717,77812,38149,39663,74523,35498,39025,96731,45793,50938,45068,20433,24635,17081,7612,9469,26201,10396,15805
37069,North Carolina,Franklin County,8141,4133,4008,13032,6826,6206,12956,6622,6334,19608,9679,9929,9424,4485,4939,3430,1607,1823,4775,1970,2805
37071,North Carolina,Gaston County,27107,13947,13160,41294,21033,20261,44685,21733,22952,61265,29501,31764,26636,12457,14179,10195,4561,5634,15027,5766,9261
37073,North Carolina,Gates County,1122,586,536,1909,994,915,1873,913,960,3153,1533,1620,1734,850,884,654,295,359,1057,474,583
37075,North Carolina,Graham County,859,460,399,1428,772,656,1349,670,679,2082,1038,1044,1223,599,624,567,262,305,973,437,536
37077,North Carolina,Granville County,6350,3199,3151,10813,5928,4885,10962,5673,5289,17154,8740,8414,7898,3847,4051,2958,1370,1588,4359,1809,2550
37079,North Carolina,Greene County,2179,1131,1048,3794,2060,1734,4326,2771,1555,5482,3117,2365,2767,1325,1442,971,481,490,1423,530,893
37081,North Carolina,Guilford County,64008,32699,31309,113896,55483,58413,107680,50970,56710,136487,64624,71863,59921,27598,32323,22958,10191,12767,35238,14105,21133
37083,North Carolina,Halifax County,5530,2782,2748,8631,4390,4241,8602,4372,4230,12280,5908,6372,7175,3272,3903,2920,1278,1642,4522,1770,2752
37085,North Carolina,Harnett County,19807,10209,9598,26983,13542,13441,31582,15998,15584,33045,16572,16473,13440,6360,7080,4990,2202,2788,7055,2863,4192
37087,North Carolina,Haywood County,6086,3215,2871,9178,4757,4421,10649,5282,5367,16096,7755,8341,9594,4410,5184,4413,2051,2362,6873,2934,3939
37089,North Carolina,Henderson County,11515,5854,5661,17923,9123,8800,18884,9288,9596,29453,14285,15168,18106,8272,9834,8521,3883,4638,13850,6016,7834
37091,North Carolina,Hertford County,2162,1088,1074,4531,2399,2132,4117,2244,1873,5644,2886,2758,3436,1559,1877,1261,553,708,2113,783,1330
37093,North Carolina,Hoke County,8875,4474,4401,10522,5414,5108,14078,7063,7015,13263,6394,6869,5308,2456,2852,1661,748,913,2001,855,1146
37095,North Carolina,Hyde County,388,200,188,737,406,331,910,603,307,1271,695,576,832,408,424,288,130,158,439,166,273
37097,North Carolina,Iredell County,21265,10886,10379,35072,17989,17083,33866,16985,16881,52223,25632,26591,22002,10678,11324,8474,3910,4564,11972,5031,6941
37099,North Carolina,Jackson County,3990,2008,1982,11332,5619,5713,7230,3780,3450,9558,4668,4890,5761,2708,3053,2545,1197,1348,3557,1570,1987
37101,North Carolina,Johnston County,28106,14241,13865,42357,21760,20597,41550,20395,21155,60478,29642,30836,22754,10733,12021,8454,3778,4676,11031,4443,6588
37103,North Carolina,Jones County,894,471,423,1384,679,705,1575,827,748,2399,1172,1227,1548,723,825,609,286,323,880,369,511
37105,North Carolina,Lee County,8027,4106,3921,11753,6032,5721,11803,5838,5965,15954,7806,8148,7484,3573,3911,2865,1325,1540,4362,1737,2625
37107,North Carolina,Lenoir County,6518,3324,3194,10264,5270,4994,9473,4587,4886,13765,6538,7227,7851,3569,4282,3086,1347,1739,4883,1934,2949
37109,North Carolina,Lincoln County,9387,4778,4609,15001,7774,7227,14835,7522,7313,25608,12696,12912,11799,5713,6086,4703,2215,2488,6432,2771,3661
37111,North Carolina,McDowell County,4647,2455,2192,7702,4089,3613,7986,4185,3801,12270,6169,6101,6523,3100,3423,2643,1260,1383,4035,1689,2346
37113,North Carolina,Macon County,3461,1819,1642,5372,2726,2646,5352,2583,2769,8279,4037,4242,6062,2842,3220,2885,1335,1550,4533,2017,2516
37115,North Carolina,Madison County,2023,1026,997,3812,2028,1784,3621,1798,1823,5572,2781,2791,3255,1531,1724,1408,661,747,2039,869,1170
37117,North Carolina,Martin County,2435,1244,1191,3590,1752,1838,3473,1653,1820,5380,2530,2850,3630,1704,1926,1491,663,828,2254,903,1351
37119,North Carolina,Mecklenburg County,144079,73317,70762,215429,107032,108397,281855,138233,143622,293777,139990,153787,103466,47045,56421,35579,15653,19926,51481,19924,31557
37121,North Carolina,Mitchell County,1426,709,717,2237,1181,1056,2416,1228,1188,3823,1902,1921,2306,1082,1224,1007,492,515,1689,734,955
37123,North Carolina,Montgomery County,3037,1528,1509,5088,2552,2536,4408,2150,2258,6871,3388,3483,3901,1869,2032,1649,802,847,2302,967,1335
37125,North Carolina,Moore County,12253,6363,5890,16046,8149,7897,18829,9436,9393,23753,11453,12300,13740,6280,7460,6500,3005,3495,11758,5152,6606
37127,North Carolina,Nash County,10850,5405,5445,18075,9212,8863,16719,8203,8516,24440,11663,12777,12460,5737,6723,5123,2310,2813,7084,2768,4316
37129,North Carolina,New Hanover County,22704,11593,11111,48832,23535,25297,45716,22529,23187,58755,28336,30419,29874,13152,16722,12337,5523,6814,17903,7515,10388
37131,North Carolina,Northampton County,1749,925,824,2812,1494,1318,2924,1506,1418,4603,2232,2371,3361,1572,1789,1403,642,761,2346,922,1424
37133,North Carolina,Onslow County,30791,15773,15018,63101,43035,20066,49199,26795,22404,32863,15704,17159,14700,6874,7826,5240,2453,2787,7824,3228,4596
37135,North Carolina,Orange County,14164,7157,7007,41522,19460,22062,25951,12637,13314,35937,17320,18617,16685,7741,8944,6278,2884,3394,8384,3506,4878
37137,North Carolina,Pamlico County,941,481,460,1677,890,787,1982,1137,845,2992,1532,1460,2414,1147,1267,1102,539,563,1594,736,858
37139,North Carolina,Pasquotank County,4751,2404,2347,7891,4081,3810,8084,4147,3937,9645,4695,4950,5052,2259,2793,1921,866,1055,2942,1184,1758
37141,North Carolina,Pender County,7504,3865,3639,11108,5714,5394,11242,5731,5511,17699,8885,8814,8781,4194,4587,3357,1613,1744,4589,2044,2545
37143,North Carolina,Perquimans County,1316,615,701,2049,1033,1016,2016,961,1055,3251,1547,1704,2251,1074,1177,1075,510,565,1674,742,932
37145,North Carolina,Person County,4314,2135,2179,6745,3470,3275,6719,3345,3374,10670,5194,5476,5895,2757,3138,2221,1010,1211,3301,1333,1968
37147,North Carolina,Pitt County,20734,10534,10200,49132,23637,25495,36100,17085,19015,40592,18829,21763,18895,8422,10473,7022,3166,3856,10106,3970,6136
37149,North Carolina,Polk County,1603,777,826,2950,1552,1398,2635,1325,1310,5175,2539,2636,3674,1627,2047,1684,774,910,3247,1413,1834
37151,North Carolina,Randolph County,16658,8389,8269,26842,13846,12996,25547,12847,12700,38960,19291,19669,18244,8883,9361,7224,3376,3848,10885,4567,6318
37153,North Carolina,Richmond County,5522,2835,2687,8567,4507,4060,7906,3859,4047,11265,5459,5806,5565,2621,2944,2307,1040,1267,3314,1340,1974
37155,North Carolina,Robeson County,17318,8768,8550,27963,14136,13827,23875,11662,12213,31958,15300,16658,15167,6864,8303,5899,2763,3136,7972,3071,4901
37157,North Carolina,Rockingham County,9686,4951,4735,15279,7792,7487,15263,7472,7791,24485,11843,12642,13384,6381,7003,5080,2345,2735,8121,3259,4862
37159,North Carolina,Rowan County,16462,8346,8116,27235,14095,13140,26087,13064,13023,37118,18316,18802,17961,8775,9186,6980,3188,3792,10530,4323,6207
37161,North Carolina,Rutherford County,6993,3588,3405,11469,5826,5643,10714,5235,5479,17782,8692,9090,9723,4578,5145,4205,1988,2217,6186,2515,3671
37163,North Carolina,Sampson County,8357,4267,4090,12333,6357,5976,10774,5451,5323,15978,8058,7920,7944,3713,4231,3063,1347,1716,4950,1954,2996
37165,North Carolina,Scotland County,4478,2234,2244,6705,3464,3241,6402,3473,2929,8333,4209,4124,4267,1947,2320,1807,859,948,2667,1006,1661
37167,North Carolina,Stanly County,7294,3797,3497,11370,5887,5483,11765,6037,5728,16145,8161,7984,8045,3857,4188,3343,1580,1763,5142,2125,3017
37169,North Carolina,Stokes County,4314,2222,2092,7323,3745,3578,7466,3704,3762,12770,6327,6443,6784,3270,3514,2641,1230,1411,4431,1856,2575
37171,North Carolina,Surry County,7801,3938,3863,12778,6519,6259,11814,6008,5806,19134,9361,9773,9616,4598,5018,4087,1929,2158,6486,2580,3906
37173,North Carolina,Swain County,1810,932,878,2479,1242,1237,2621,1254,1367,3555,1715,1840,1808,792,1016,784,375,409,1151,494,657
37175,North Carolina,Transylvania County,2812,1448,1364,5112,2662,2450,4897,2415,2482,7934,3777,4157,5855,2719,3136,2837,1367,1470,4999,2246,2753
37177,North Carolina,Tyrrell County,382,199,183,605,353,252,721,468,253,944,505,439,525,265,260,224,105,119,378,162,216
37179,North Carolina,Union County,30281,15464,14817,55880,28589,27291,38575,18716,19859,73142,36322,36820,23942,11571,12371,9061,4090,4971,12623,5284,7339
37181,North Carolina,Vance County,5679,2908,2771,8595,4316,4279,7879,3637,4242,10838,5013,5825,5869,2597,3272,2320,1042,1278,3516,1338,2178
37183,North Carolina,Wake County,139792,71278,68514,225673,113727,111946,251212,123086,128126,311917,152042,159875,107486,49939,57547,38351,16938,21413,53558,21872,31686
37185,North Carolina,Warren County,1782,855,927,2951,1527,1424,3146,1719,1427,4705,2393,2312,3357,1572,1785,1370,649,721,2231,942,1289
37187,North Carolina,Washington County,1234,618,616,1877,940,937,1664,822,842,2733,1223,1510,1973,946,1027,778,363,415,1273,503,770
37189,North Carolina,Watauga County,3649,1889,1760,18792,9344,9448,8969,4764,4205,11810,5899,5911,6827,3244,3583,2554,1247,1307,3780,1679,2101
37191,North Carolina,Wayne County,16282,8280,8002,24988,13185,11803,24177,12222,11955,29285,14108,15177,14970,6913,8057,5527,2521,3006,8761,3454,5307
37193,North Carolina,Wilkes County,6939,3525,3414,11826,6060,5766,11005,5566,5439,17917,8917,9000,9688,4711,4977,4115,1894,2221,6626,2772,3854
37195,North Carolina,Wilson County,9821,5011,4810,15972,8016,7956,14602,7051,7551,20439,9547,10892,10590,4888,5702,4165,1830,2335,6374,2466,3908
37197,North Carolina,Yadkin County,4090,2110,1980,6484,3424,3060,6223,3158,3065,10322,5132,5190,4996,2454,2542,2106,970,1136,3409,1414,1995
37199,North Carolina,Yancey County,1711,875,836,2748,1433,1315,2846,1462,1384,4617,2267,2350,2803,1345,1458,1304,607,697,2049,878,1171
38001,North Dakota,Adams County,238,122,116,332,169,163,338,177,161,482,236,246,380,194,186,150,74,76,299,131,168
38003,North Dakota,Barnes County,1084,545,539,1996,1042,954,1694,916,778,2407,1235,1172,1543,776,767,607,314,293,1106,434,672
38005,North Dakota,Benson County,1394,732,662,1542,774,768,1139,592,547,1295,657,638,791,385,406,269,129,140,364,191,173
38007,North Dakota,Billings County,113,54,59,112,49,63,166,100,66,219,119,100,136,73,63,50,23,27,101,57,44
38009,North Dakota,Bottineau County,744,375,369,1123,622,501,975,520,455,1398,712,686,1001,511,490,422,219,203,653,293,360
38011,North Dakota,Bowman County,407,203,204,520,269,251,489,261,228,648,342,306,467,231,236,147,61,86,331,150,181
38013,North Dakota,Burke County,319,161,158,338,187,151,366,194,172,477,268,209,310,162,148,126,63,63,195,84,111
38015,North Dakota,Burleigh County,12574,6451,6123,18481,9358,9123,20212,10631,9581,22217,11342,10875,11483,5456,6027,3981,1893,2088,7242,2924,4318
38017,North Dakota,Cass County,24251,12458,11793,42100,21235,20865,45219,23794,21425,39262,20282,18980,17310,8316,8994,5872,2870,3002,9570,3871,5699
38019,North Dakota,Cavalier County,493,258,235,570,301,269,536,289,247,791,413,378,573,313,260,240,131,109,516,222,294
38021,North Dakota,Dickey County,583,296,287,989,512,477,720,368,352,1062,543,519,641,329,312,212,110,102,540,222,318
38023,North Dakota,Divide County,316,188,128,338,162,176,373,199,174,501,249,252,338,185,153,147,81,66,270,119,151
38025,North Dakota,Dunn County,672,341,331,729,385,344,944,538,406,1036,587,449,612,334,278,171,87,84,305,139,166
38027,North Dakota,Eddy County,304,161,143,357,184,173,344,180,164,488,247,241,359,182,177,107,59,48,236,84,152
38029,North Dakota,Emmons County,334,169,165,525,282,243,406,212,194,754,384,370,526,294,232,208,99,109,460,210,250
38031,North Dakota,Foster County,387,179,208,518,250,268,522,295,227,751,388,363,481,256,225,172,81,91,346,138,208
38033,North Dakota,Golden Valley County,172,88,84,282,152,130,258,129,129,405,204,201,308,162,146,113,51,62,209,85,124
38035,North Dakota,Grand Forks County,8884,4494,4390,19183,10096,9087,15420,8490,6930,12977,6619,6358,6727,3326,3401,2379,1143,1236,3970,1566,2404
38037,North Dakota,Grant County,257,112,145,296,144,152,290,145,145,506,272,234,393,208,185,167,92,75,323,157,166
38039,North Dakota,Griggs County,248,108,140,342,193,149,300,150,150,474,250,224,374,200,174,165,87,78,310,133,177
38041,North Dakota,Hettinger County,347,169,178,413,195,218,415,200,215,518,248,270,339,184,155,139,70,69,285,134,151
38043,North Dakota,Kidder County,317,161,156,349,181,168,388,224,164,543,277,266,433,230,203,134,74,60,306,147,159
38045,North Dakota,LaMoure County,458,239,219,660,358,302,545,265,280,897,476,421,674,359,315,247,134,113,565,236,329
38047,North Dakota,Logan County,245,139,106,324,156,168,248,133,115,417,221,196,268,142,126,107,60,47,274,130,144
38049,North Dakota,McHenry County,717,391,326,966,521,445,935,492,443,1424,753,671,828,423,405,306,165,141,545,234,311
38051,North Dakota,McIntosh County,251,129,122,340,184,156,330,166,164,525,273,252,406,222,184,136,60,76,459,170,289
38053,North Dakota,McKenzie County,2841,1451,1390,3283,1761,1522,3838,2125,1713,3161,1700,1461,1259,678,581,314,156,158,516,235,281
38055,North Dakota,McLean County,1165,595,570,1461,725,736,1451,755,696,2185,1136,1049,1617,830,787,599,299,300,949,456,493
38057,North Dakota,Mercer County,1057,516,541,1350,731,619,1364,743,621,1975,1027,948,1311,701,610,397,203,194,749,309,440
38059,North Dakota,Morton County,4319,2176,2143,5226,2672,2554,7019,3696,3323,7370,3782,3588,3853,1929,1924,1330,656,674,2350,923,1427
38061,North Dakota,Mountrail County,1747,891,856,2116,1170,946,2407,1386,1021,2344,1261,1083,1116,594,522,326,170,156,443,220,223
38063,North Dakota,Nelson County,315,154,161,402,210,192,424,241,183,630,312,318,501,267,234,189,103,86,344,149,195
38065,North Dakota,Oliver County,250,124,126,328,174,154,279,152,127,442,232,210,321,174,147,135,67,68,172,89,83
38067,North Dakota,Pembina County,764,411,353,1020,549,471,1121,622,499,1525,805,720,1153,623,530,377,203,174,737,328,409
38069,North Dakota,Pierce County,465,240,225,675,349,326,601,336,265,933,486,447,568,286,282,200,98,102,504,194,310
38071,North Dakota,Ramsey County,1573,801,772,2069,1095,974,2000,1088,912,2534,1282,1252,1571,792,779,577,296,281,1083,460,623
38073,North Dakota,Ransom County,629,342,287,922,493,429,801,432,369,1339,693,646,710,371,339,241,135,106,544,236,308
38075,North Dakota,Renville County,273,145,128,394,198,196,384,224,160,560,292,268,349,183,166,124,66,58,210,96,114
38077,North Dakota,Richland County,1973,1007,966,3733,2023,1710,2786,1455,1331,3429,1754,1675,2167,1133,1034,692,358,334,1395,605,790
38079,North Dakota,Rolette County,2583,1357,1226,3349,1709,1640,2516,1244,1272,3108,1512,1596,1496,722,774,453,219,234,678,288,390
38081,North Dakota,Sargent County,483,233,250,616,333,283,671,390,281,943,521,422,578,317,261,230,121,109,393,184,209
38083,North Dakota,Sheridan County,133,76,57,155,81,74,169,86,83,279,147,132,217,114,103,85,44,41,242,110,132
38085,North Dakota,Sioux County,839,404,435,1091,549,542,747,394,353,944,452,492,328,169,159,77,32,45,152,78,74
38087,North Dakota,Slope County,80,34,46,114,65,49,110,60,50,166,93,73,137,70,67,48,30,18,87,39,48
38089,North Dakota,Stark County,5321,2823,2498,5955,3032,2923,7821,4222,3599,6729,3598,3131,3094,1607,1487,964,474,490,2055,817,1238
38091,North Dakota,Steele County,234,120,114,300,149,151,274,149,125,439,237,202,309,167,142,127,70,57,213,101,112
38093,North Dakota,Stutsman County,2261,1128,1133,3972,2043,1929,3780,2113,1667,4809,2529,2280,2922,1491,1431,966,457,509,1814,729,1085
38095,North Dakota,Towner County,246,141,105,321,167,154,318,172,146,491,256,235,368,200,168,120,54,66,250,108,142
38097,North Dakota,Traill County,990,524,466,1532,810,722,1378,719,659,1869,970,899,1085,551,534,356,187,169,765,309,456
38099,North Dakota,Walsh County,1343,704,639,1811,970,841,1667,863,804,2526,1310,1216,1513,797,716,527,264,263,1064,446,618
38101,North Dakota,Ward County,9656,4917,4739,15526,8722,6804,16809,9235,7574,13711,6995,6716,6453,3217,3236,2158,1045,1113,4133,1680,2453
38103,North Dakota,Wells County,428,219,209,556,292,264,485,251,234,871,431,440,601,317,284,250,116,134,539,246,293
38105,North Dakota,Williams County,7145,3692,3453,7531,3949,3582,10371,5847,4524,8039,4461,3578,3166,1762,1404,781,391,390,1439,575,864
39001,Ohio,Adams County,3481,1802,1679,5138,2630,2508,4537,2196,2341,7261,3602,3659,3743,1873,1870,1340,684,656,2080,896,1184
39003,Ohio,Allen County,12661,6573,6088,20720,11092,9628,18650,9805,8845,24399,12337,12062,12983,6319,6664,4870,2346,2524,7901,3123,4778
39005,Ohio,Ashland County,6334,3226,3108,10998,5481,5517,9116,4660,4456,12700,6260,6440,7099,3437,3662,2615,1233,1382,4564,1923,2641
39007,Ohio,Ashtabula County,11204,5776,5428,17348,9070,8278,16746,8851,7895,24835,12547,12288,13575,6663,6912,5028,2352,2676,8015,3451,4564
39009,Ohio,Athens County,5020,2602,2418,22672,11242,11430,11377,5998,5379,13535,6763,6772,7033,3434,3599,2500,1208,1292,3420,1359,2061
39011,Ohio,Auglaize County,5842,2966,2876,8636,4497,4139,8026,4083,3943,11221,5627,5594,6082,3061,3021,2118,980,1138,3784,1578,2206
39013,Ohio,Belmont County,6661,3375,3286,10725,5882,4843,12330,6835,5495,16870,8680,8190,9996,4884,5112,3782,1838,1944,5869,2267,3602
39015,Ohio,Brown County,5191,2616,2575,7846,3996,3850,7503,3742,3761,11508,5805,5703,5846,2846,3000,2149,1060,1089,3439,1521,1918
39017,Ohio,Butler County,47910,24351,23559,88843,44763,44080,69780,34743,35037,94803,46701,48102,44169,21165,23004,15992,7465,8527,23851,9799,14052
39019,Ohio,Carroll County,2873,1479,1394,4641,2423,2218,4144,2113,2031,7071,3614,3457,4120,2036,2084,1590,788,802,2498,1113,1385
39021,Ohio,Champaign County,4368,2233,2135,7388,3827,3561,6920,3544,3376,10155,5117,5038,5022,2439,2583,1990,931,1059,3141,1360,1781
39023,Ohio,Clark County,16057,8196,7861,25548,12942,12606,23307,11421,11886,32860,16094,16766,17633,8326,9307,7091,3263,3828,11392,4747,6645
39025,Ohio,Clermont County,24373,12464,11909,38189,19613,18576,39330,20024,19306,54291,26748,27543,27198,13010,14188,9736,4543,5193,14274,5914,8360
39027,Ohio,Clinton County,5050,2627,2423,8404,4286,4118,7393,3729,3664,10559,5198,5361,5502,2676,2826,1983,945,1038,3089,1265,1824
39029,Ohio,Columbiana County,10788,5482,5306,16856,8809,8047,17581,9507,8074,26322,13677,12645,15218,7470,7748,5642,2676,2966,8944,3642,5302
39031,Ohio,Coshocton County,4784,2472,2312,6554,3414,3140,6327,3147,3180,8873,4421,4452,4943,2449,2494,1897,901,996,3122,1271,1851
39033,Ohio,Crawford County,4805,2462,2343,7276,3706,3570,6932,3457,3475,10451,5228,5223,5734,2780,2954,2246,1045,1201,3941,1590,2351
39035,Ohio,Cuyahoga County,138487,70761,67726,218059,109867,108192,254175,124179,129996,298343,141949,156394,162269,75667,86602,58675,26211,32464,100602,38347,62255
39037,Ohio,Darke County,6432,3307,3125,9609,4956,4653,8401,4320,4081,12786,6428,6358,6738,3293,3445,2584,1212,1372,4690,1950,2740
39039,Ohio,Defiance County,4452,2273,2179,7451,3884,3567,6687,3392,3295,9162,4550,4612,5105,2511,2594,1897,939,958,3105,1286,1819
39041,Ohio,Delaware County,27835,14262,13573,43324,22264,21060,36393,17899,18494,61931,31183,30748,22660,10979,11681,8790,4156,4634,11789,5001,6788
39043,Ohio,Erie County,7896,3987,3909,12561,6429,6132,12556,6280,6276,18133,8784,9349,11068,5287,5781,4455,2059,2396,7219,3192,4027
39045,Ohio,Fairfield County,19954,10243,9711,31006,16219,14787,29700,14856,14844,42483,21172,21311,18486,8811,9675,6997,3241,3756,10672,4487,6185
39047,Ohio,Fayette County,3518,1775,1743,5363,2744,2619,5136,2574,2562,7358,3646,3712,3606,1717,1889,1434,651,783,2158,898,1260
39049,Ohio,Franklin County,178259,90987,87272,255482,128061,127421,338496,168762,169734,312244,153372,158872,130774,60585,70189,44625,19711,24914,63975,25062,38913
39051,Ohio,Fulton County,5158,2680,2478,7941,4126,3815,7258,3660,3598,10648,5297,5351,5731,2804,2927,1952,931,1021,3297,1316,1981
39053,Ohio,Gallia County,3742,1920,1822,5533,2926,2607,5179,2606,2573,7328,3614,3714,4049,1950,2099,1466,691,775,2529,1055,1474
39055,Ohio,Geauga County,10577,5404,5173,17917,9302,8615,13123,6675,6448,24335,12101,12234,13635,6799,6836,5149,2490,2659,8633,3669,4964
39057,Ohio,Greene County,19258,9894,9364,35536,17952,17584,33309,17079,16230,39988,19655,20333,21170,10170,11000,8160,3875,4285,12587,5288,7299
39059,Ohio,Guernsey County,4575,2374,2201,6857,3526,3331,6867,3531,3336,9783,4918,4865,5368,2572,2796,2105,1048,1057,3261,1406,1855
39061,Ohio,Hamilton County,105059,53634,51425,157953,79869,78084,178657,87867,90790,192010,92623,99387,97597,45549,52048,33317,15043,18274,54028,21061,32967
39063,Ohio,Hancock County,9013,4566,4447,14182,7221,6961,14823,7695,7128,18691,9372,9319,9411,4574,4837,3608,1664,1944,5791,2337,3454
39065,Ohio,Hardin County,3928,2005,1923,8125,4122,4003,4942,2545,2397,7311,3676,3635,3614,1781,1833,1367,624,743,2173,933,1240
39067,Ohio,Harrison County,1561,815,746,2525,1297,1228,2393,1189,1204,3869,1908,1961,2448,1253,1195,838,401,437,1396,590,806
39069,Ohio,Henry County,3288,1633,1655,4984,2590,2394,4671,2305,2366,6792,3412,3380,3636,1807,1829,1257,610,647,2297,957,1340
39071,Ohio,Highland County,5526,2823,2703,7986,4029,3957,7456,3730,3726,11006,5461,5545,5648,2726,2922,2210,1028,1182,3450,1483,1967
39073,Ohio,Hocking County,3239,1629,1610,4925,2505,2420,4758,2376,2382,7525,3748,3777,3879,1926,1953,1524,721,803,2301,1033,1268
39075,Ohio,Holmes County,7254,3794,3460,10552,5348,5204,8114,4121,3993,9426,4731,4695,4366,2172,2194,1582,723,859,2722,1166,1556
39077,Ohio,Huron County,7323,3771,3552,11112,5728,5384,10376,5328,5048,14717,7310,7407,7523,3585,3938,2785,1322,1463,4228,1737,2491
39079,Ohio,Jackson County,4191,2139,2052,5991,3112,2879,5978,2996,2982,8304,4132,4172,4176,1982,2194,1602,724,878,2234,887,1347
39081,Ohio,Jefferson County,6712,3484,3228,11849,5886,5963,10743,5417,5326,16076,7892,8184,9870,4775,5095,3815,1797,2018,6056,2462,3594
39083,Ohio,Knox County,7593,3845,3748,13720,6871,6849,10286,5114,5172,14638,7311,7327,8245,3922,4323,3066,1450,1616,4853,2072,2781
39085,Ohio,Lake County,23139,11964,11175,39330,20098,19232,41696,21126,20570,59367,29198,30169,33211,15896,17315,12438,5690,6748,20564,8096,12468
39087,Ohio,Lawrence County,6722,3462,3260,10364,5323,5041,10723,5261,5462,15638,7637,8001,7776,3685,4091,3121,1435,1686,4870,2043,2827
39089,Ohio,Licking County,22065,11328,10737,34214,17523,16691,32666,16123,16543,46369,22954,23415,22022,10613,11409,8284,3840,4444,12325,5121,7204
39091,Ohio,Logan County,5496,2848,2648,8361,4300,4061,7796,3885,3911,11842,5913,5929,6286,3132,3154,2233,1024,1209,3405,1452,1953
39093,Ohio,Lorain County,36075,18504,17571,57645,29767,27878,54602,27640,26962,81123,40233,40890,41552,19846,21706,16046,7406,8640,24754,10127,14627
39095,Ohio,Lucas County,54209,27683,26526,80860,40920,39940,87437,43102,44335,103698,49805,53893,53722,25313,28409,19321,8918,10403,29419,11489,17930
39097,Ohio,Madison County,4750,2412,2338,7755,4227,3528,9257,5572,3685,12704,7123,5581,5217,2596,2621,1929,916,1013,3022,1287,1735
39099,Ohio,Mahoning County,24249,12387,11862,39493,20430,19063,40304,21059,19245,55257,27474,27783,33284,15756,17528,12580,5875,6705,21384,8214,13170
39101,Ohio,Marion County,7712,3947,3765,11262,6121,5141,12765,7228,5537,16731,9309,7422,8285,4125,4160,3222,1495,1727,4934,2043,2891
39103,Ohio,Medina County,20011,10211,9800,32996,17012,15984,30814,15438,15376,49738,24664,25074,23935,11590,12345,9391,4455,4936,13907,5930,7977
39105,Ohio,Meigs County,2408,1277,1131,3900,1973,1927,3786,1856,1930,6148,3113,3035,3321,1633,1688,1224,580,644,1941,821,1120
39107,Ohio,Mercer County,6082,3156,2926,7867,4085,3782,7219,3765,3454,9384,4735,4649,5578,2805,2773,1855,912,943,3287,1372,1915
39109,Ohio,Miami County,13132,6621,6511,19215,9994,9221,19619,9922,9697,27384,13610,13774,13773,6589,7184,5561,2538,3023,8744,3636,5108
39111,Ohio,Monroe County,1473,768,705,2189,1129,1060,2133,1091,1042,3462,1769,1693,2039,1022,1017,850,409,441,1479,682,797
39113,Ohio,Montgomery County,64711,33099,31612,100672,51208,49464,106168,52317,53851,126559,60918,65641,65884,30577,35307,25475,11228,14247,42553,16750,25803
39115,Ohio,Morgan County,1448,714,734,2505,1326,1179,2340,1191,1149,3708,1833,1875,2103,1050,1053,840,428,412,1403,595,808
39117,Ohio,Morrow County,3989,2038,1951,6425,3378,3047,6034,3042,2992,9734,4957,4777,4905,2435,2470,1671,777,894,2634,1128,1506
39119,Ohio,Muskingum County,10549,5379,5170,16255,8308,7947,15796,7836,7960,21533,10492,11041,11085,5307,5778,4112,1873,2239,6728,2663,4065
39121,Ohio,Noble County,1485,775,710,2012,1003,1009,1933,981,952,3136,1855,1281,2866,2084,782,1290,924,366,1667,807,860
39123,Ohio,Ottawa County,3593,1809,1784,6293,3225,3068,5870,2983,2887,10269,5149,5120,7061,3487,3574,2850,1410,1440,4406,1986,2420
39125,Ohio,Paulding County,2230,1112,1118,3561,1792,1769,3126,1575,1551,4768,2414,2354,2566,1290,1276,941,448,493,1467,634,833
39127,Ohio,Perry County,4517,2331,2186,6657,3431,3226,6504,3257,3247,9569,4798,4771,4804,2445,2359,1770,855,915,2380,1007,1373
39129,Ohio,Pickaway County,6571,3297,3274,10928,5977,4951,11871,6775,5096,15904,8530,7374,6857,3298,3559,2538,1178,1360,3967,1631,2336
39131,Ohio,Pike County,3438,1725,1713,5183,2731,2452,4808,2380,2428,7178,3590,3588,3590,1778,1812,1329,607,722,2204,918,1286
39133,Ohio,Portage County,15266,7910,7356,39891,19033,20858,27858,14322,13536,39603,19502,20101,21080,10313,10767,7573,3596,3977,11326,4922,6404
39135,Ohio,Preble County,4590,2396,2194,7482,3840,3642,6900,3423,3477,10655,5318,5337,5708,2769,2939,2275,1059,1216,3238,1458,1780
39137,Ohio,Putnam County,4678,2326,2352,6443,3332,3111,5707,2891,2816,8202,4149,4053,4534,2307,2227,1503,753,750,2644,1082,1562
39139,Ohio,Richland County,14231,7306,6925,21860,11618,10242,22588,12506,10082,29512,15192,14320,15837,7557,8280,6257,2851,3406,10780,4352,6428
39141,Ohio,Ross County,8584,4395,4189,13516,7150,6366,14539,8273,6266,20978,11319,9659,9868,4840,5028,3493,1626,1867,5507,2270,3237
39143,Ohio,Sandusky County,6713,3496,3217,10551,5440,5111,10288,5149,5139,14906,7509,7397,8206,4008,4198,2994,1422,1572,4751,1943,2808
39145,Ohio,Scioto County,8596,4328,4268,13877,7312,6565,13926,7355,6571,18862,9201,9661,9697,4539,5158,3549,1655,1894,6036,2414,3622
39147,Ohio,Seneca County,6141,3142,2999,11486,6052,5434,9569,4895,4674,13387,6768,6619,7436,3652,3784,2664,1274,1390,4332,1743,2589
39149,Ohio,Shelby County,6297,3239,3058,9493,4918,4575,8399,4268,4131,12375,6238,6137,6185,3123,3062,2163,1027,1136,3491,1424,2067
39151,Ohio,Stark County,42196,21745,20451,67481,34436,33045,66746,33205,33541,91908,44899,47009,50256,23746,26510,19493,9039,10454,32093,12873,19220
39153,Ohio,Summit County,60891,30895,29996,95235,48339,46896,105890,52672,53218,136881,66652,70229,71994,33974,38020,26958,12253,14705,41789,16689,25100
39155,Ohio,Trumbull County,21198,10880,10318,33748,17284,16464,33948,17135,16813,49045,23964,25081,28862,13727,15135,11662,5430,6232,18731,7700,11031
39157,Ohio,Tuscarawas County,11523,5933,5590,16584,8545,8039,16219,8304,7915,22409,11240,11169,12384,5981,6403,4789,2243,2546,7945,3175,4770
39159,Ohio,Union County,7941,4029,3912,11285,5641,5644,12466,5690,6776,16856,8209,8647,6154,3032,3122,2055,938,1117,2997,1268,1729
39161,Ohio,Van Wert County,3518,1810,1708,5148,2598,2550,4988,2529,2459,6947,3477,3470,3765,1859,1906,1364,631,733,2449,990,1459
39163,Ohio,Vinton County,1465,757,708,2311,1171,1140,2161,1120,1041,3582,1797,1785,1886,932,954,646,326,320,936,401,535
39165,Ohio,Warren County,29136,14947,14189,47118,24741,22377,43307,22584,20723,66846,33569,33277,27018,13130,13888,9743,4533,5210,14601,6178,8423
39167,Ohio,Washington County,6254,3176,3078,10556,5392,5164,10209,5208,5001,14948,7320,7628,8736,4300,4436,3365,1604,1761,5679,2384,3295
39169,Ohio,Wayne County,15311,7865,7446,23465,12114,11351,20397,10361,10036,27138,13478,13660,14593,7133,7460,5579,2632,2947,9264,3924,5340
39171,Ohio,Williams County,4365,2226,2139,6658,3415,3243,6518,3406,3112,9048,4555,4493,5038,2471,2567,1756,836,920,3228,1317,1911
39173,Ohio,Wood County,14098,7155,6943,34384,17081,17303,23963,12400,11563,29605,14748,14857,15015,7256,7759,5618,2620,2998,8428,3460,4968
39175,Ohio,Wyandot County,2525,1263,1262,3932,2073,1859,3724,1890,1834,5545,2791,2754,2920,1413,1507,1117,528,589,1949,795,1154
40001,Oklahoma,Adair County,3296,1736,1560,4460,2257,2203,3942,1932,2010,5460,2744,2716,2425,1159,1266,989,480,509,1479,667,812
40003,Oklahoma,Alfalfa County,633,339,294,812,421,391,1068,707,361,1671,1152,519,748,427,321,241,124,117,546,246,300
40005,Oklahoma,Atoka County,1750,917,833,2402,1309,1093,2749,1552,1197,3238,1708,1530,1751,857,894,772,354,418,1237,541,696
40007,Oklahoma,Beaver County,637,342,295,1135,595,540,851,441,410,1220,596,624,660,352,308,276,129,147,469,229,240
40009,Oklahoma,Beckham County,3027,1486,1541,4189,2319,1870,4843,2872,1971,4996,2751,2245,2393,1145,1248,775,353,422,1380,585,795
40011,Oklahoma,Blaine County,1300,688,612,1814,941,873,1550,768,782,2209,1165,1044,1272,612,660,465,215,250,864,354,510
40013,Oklahoma,Bryan County,6433,3329,3104,9518,4778,4740,10029,5015,5014,11254,5488,5766,5309,2430,2879,2393,1093,1300,3868,1658,2210
40015,Oklahoma,Caddo County,3945,2068,1877,5485,2931,2554,5752,3438,2314,6867,3725,3142,3299,1578,1721,1271,602,669,2158,869,1289
40017,Oklahoma,Canadian County,21250,10851,10399,29526,14882,14644,34645,17539,17106,37587,18825,18762,15393,7311,8082,5663,2622,3041,8091,3395,4696
40019,Oklahoma,Carter County,6651,3423,3228,9321,4681,4640,9322,4693,4629,11593,5735,5858,5819,2743,3076,2053,908,1145,3648,1412,2236
40021,Oklahoma,Cherokee County,5857,2949,2908,11953,5970,5983,8964,4466,4498,10770,5173,5597,5655,2727,2928,2352,1149,1203,3477,1427,2050
40023,Oklahoma,Choctaw County,1971,1005,966,2675,1318,1357,2385,1153,1232,3468,1615,1853,2040,985,1055,793,385,408,1341,594,747
40025,Oklahoma,Cimarron County,310,174,136,400,212,188,314,144,170,454,242,212,299,148,151,126,61,65,258,117,141
40027,Oklahoma,Cleveland County,31287,15894,15393,70336,36033,34303,62013,32053,29960,65980,33010,32970,29365,13840,15525,11136,5136,6000,16471,6808,9663
40029,Oklahoma,Coal County,710,375,335,1061,567,494,896,437,459,1320,669,651,762,371,391,306,137,169,526,209,317
40031,Oklahoma,Comanche County,16422,8246,8176,26860,15090,11770,28530,15468,13062,26498,13381,13117,12082,5748,6334,4063,1929,2134,6727,2853,3874
40033,Oklahoma,Cotton County,675,330,345,1042,546,496,926,455,471,1441,715,726,787,383,404,310,162,148,502,207,295
40035,Oklahoma,Craig County,1648,851,797,2568,1367,1201,2540,1417,1123,3659,1913,1746,1736,849,887,691,329,362,1350,510,840
40037,Oklahoma,Creek County,8863,4497,4366,13417,6942,6475,13106,6682,6424,18054,8931,9123,9038,4340,4698,3373,1569,1804,5673,2400,3273
40039,Oklahoma,Custer County,4045,2090,1955,7865,3944,3921,5419,2804,2615,5739,2914,2825,2786,1332,1454,1009,461,548,1894,807,1087
40041,Oklahoma,Delaware County,4453,2309,2144,7099,3646,3453,6621,3229,3392,10436,5096,5340,6742,3203,3539,3131,1548,1583,4656,2258,2398
40043,Oklahoma,Dewey County,711,340,371,905,460,445,879,450,429,1100,561,539,579,285,294,235,114,121,439,174,265
40045,Oklahoma,Ellis County,436,215,221,702,359,343,581,303,278,924,484,440,572,290,282,235,113,122,393,155,238
40047,Oklahoma,Garfield County,8674,4417,4257,12353,6517,5836,12496,6549,5947,13566,6879,6687,6922,3320,3602,2442,1133,1309,4591,1860,2731
40049,Oklahoma,Garvin County,3682,1885,1797,5344,2750,2594,5080,2565,2515,6665,3316,3349,3481,1660,1821,1203,566,637,2242,950,1292
40051,Oklahoma,Grady County,6626,3368,3258,10953,5750,5203,10351,5155,5196,14558,7335,7223,7103,3515,3588,2423,1150,1273,3897,1654,2243
40053,Oklahoma,Grant County,553,280,273,782,384,398,731,367,364,1006,518,488,632,324,308,209,106,103,448,192,256
40055,Oklahoma,Greer County,608,297,311,1005,580,425,1318,912,406,1442,890,552,595,292,303,244,119,125,509,189,320
40057,Oklahoma,Harmon County,343,167,176,489,234,255,425,220,205,607,303,304,341,172,169,140,68,72,235,94,141
40059,Oklahoma,Harper County,463,249,214,690,353,337,629,299,330,873,488,385,509,264,245,144,67,77,328,131,197
40061,Oklahoma,Haskell County,1523,782,741,2394,1258,1136,2190,1088,1102,3038,1487,1551,1634,806,828,724,324,400,1165,527,638
40063,Oklahoma,Hughes County,1623,855,768,2373,1329,1044,2719,1700,1019,3152,1722,1430,1520,741,779,641,302,339,1126,461,665
40065,Oklahoma,Jackson County,3584,1791,1793,4977,2606,2371,5288,2766,2522,5307,2569,2738,2602,1266,1336,946,460,486,1659,674,985
40067,Oklahoma,Jefferson County,810,420,390,1062,543,519,1001,518,483,1379,681,698,821,403,418,311,142,169,584,259,325
40069,Oklahoma,Johnston County,1351,714,637,2186,1116,1070,1912,940,972,2565,1303,1262,1362,638,724,557,269,288,957,430,527
40071,Oklahoma,Kay County,5793,2961,2832,8611,4445,4166,7872,4020,3852,9720,4929,4791,5266,2530,2736,2269,1063,1206,3879,1614,2265
40073,Oklahoma,Kingfisher County,2217,1091,1126,3258,1710,1548,2945,1484,1461,3748,1912,1836,1860,937,923,617,291,326,1187,484,703
40075,Oklahoma,Kiowa County,1187,601,586,1599,825,774,1465,724,741,2040,1027,1013,1247,615,632,471,220,251,748,339,409
40077,Oklahoma,Latimer County,1248,642,606,1952,1021,931,1685,837,848,2317,1152,1165,1241,607,634,543,281,262,1127,576,551
40079,Oklahoma,Le Flore County,6422,3244,3178,9798,5134,4664,9122,4702,4420,12219,6260,5959,6059,2864,3195,2501,1190,1311,3804,1608,2196
40081,Oklahoma,Lincoln County,4268,2199,2069,6491,3357,3134,6161,3055,3106,8872,4461,4411,4603,2276,2327,1768,846,922,2864,1270,1594
40083,Oklahoma,Logan County,5698,2933,2765,10184,5176,5008,8756,4338,4418,12372,6117,6255,6239,3007,3232,2124,1033,1091,3265,1498,1767
40085,Oklahoma,Love County,1383,718,665,1949,961,988,1911,1008,903,2404,1178,1226,1204,595,609,520,267,253,829,401,428
40087,Oklahoma,McClain County,5308,2718,2590,8267,4184,4083,7747,3795,3952,10714,5326,5388,4765,2315,2450,1714,803,911,2644,1205,1439
40089,Oklahoma,McCurtain County,4666,2398,2268,6345,3269,3076,5919,2973,2946,7715,3760,3955,3925,1831,2094,1562,719,843,2641,1187,1454
40091,Oklahoma,McIntosh County,2038,1048,990,3143,1663,1480,3006,1514,1492,4701,2261,2440,3097,1481,1616,1335,649,686,2300,1088,1212
40093,Oklahoma,Major County,1069,542,527,1438,716,722,1228,613,615,1727,870,857,1033,531,502,361,159,202,726,302,424
40095,Oklahoma,Marshall County,2090,1082,1008,3135,1591,1544,2686,1351,1335,4093,1975,2118,2266,1094,1172,1051,532,519,1749,811,938
40097,Oklahoma,Mayes County,5105,2639,2466,7633,3976,3657,7464,3715,3749,10204,5192,5012,5411,2647,2764,2099,966,1133,3246,1441,1805
40099,Oklahoma,Murray County,1695,897,798,2643,1398,1245,2409,1191,1218,3431,1697,1734,1831,907,924,723,336,387,1250,586,664
40101,Oklahoma,Muskogee County,9019,4552,4467,13532,7013,6519,12952,6338,6614,16122,7865,8257,8146,3846,4300,3043,1417,1626,4946,2001,2945
40103,Oklahoma,Noble County,1356,661,695,2028,1041,987,1920,939,981,2750,1380,1370,1463,732,731,567,268,299,1026,422,604
40105,Oklahoma,Nowata County,1278,665,613,1707,887,820,1771,905,866,2528,1273,1255,1361,661,700,489,221,268,923,393,530
40107,Oklahoma,Okfuskee County,1441,728,713,2173,1180,993,2222,1320,902,3089,1760,1329,1383,701,682,545,255,290,959,430,529
40109,Oklahoma,Oklahoma County,115163,59027,56136,160723,81671,79052,180247,89596,90651,185658,90472,95186,85129,39911,45218,30195,13800,16395,45732,18248,27484
40111,Oklahoma,Okmulgee County,4802,2496,2306,7705,4042,3663,6929,3515,3414,8957,4428,4529,4823,2273,2550,1869,815,1054,3206,1340,1866
40113,Oklahoma,Osage County,5125,2640,2485,8322,4379,3943,8147,4310,3837,11739,5896,5843,6611,3147,3464,2593,1194,1399,4176,1911,2265
40115,Oklahoma,Ottawa County,4270,2209,2061,6433,3387,3046,5448,2662,2786,7124,3486,3638,3660,1709,1951,1497,706,791,2523,1042,1481
40117,Oklahoma,Pawnee County,1983,1017,966,3008,1555,1453,2794,1415,1379,4160,2088,2072,2186,1056,1130,874,415,459,1372,615,757
40119,Oklahoma,Payne County,8415,4260,4155,28781,15193,13588,15429,8209,7220,14570,7309,7261,7167,3423,3744,2697,1255,1442,4710,2001,2709
40121,Oklahoma,Pittsburg County,5345,2719,2626,7728,4066,3662,8526,4720,3806,10356,5327,5029,5458,2614,2844,2248,1050,1198,4015,1729,2286
40123,Oklahoma,Pontotoc County,5245,2701,2544,8122,4097,4025,7728,3839,3889,8567,4160,4407,4163,1943,2220,1665,759,906,2891,1181,1710
40125,Oklahoma,Pottawatomie County,9133,4675,4458,14774,7420,7354,14009,6552,7457,18130,8687,9443,8484,3994,4490,3287,1506,1781,5138,2193,2945
40127,Oklahoma,Pushmataha County,1267,627,640,1859,971,888,1813,893,920,2655,1285,1370,1519,747,772,659,303,356,1181,534,647
40129,Oklahoma,Roger Mills County,429,220,209,690,343,347,559,282,277,824,435,389,484,245,239,205,95,110,366,152,214
40131,Oklahoma,Rogers County,11326,5832,5494,17973,9242,8731,17672,8896,8776,23908,11859,12049,11323,5565,5758,4185,1959,2226,6662,3018,3644
40133,Oklahoma,Seminole County,3224,1645,1579,4893,2528,2365,4135,2035,2100,5869,2894,2975,3007,1426,1581,1146,552,594,1984,826,1158
40135,Oklahoma,Sequoyah County,5360,2779,2581,7786,4023,3763,7276,3618,3658,10588,5215,5373,5069,2409,2660,2144,1023,1121,3335,1409,1926
40137,Oklahoma,Stephens County,5198,2666,2532,7879,3967,3912,7690,3810,3880,10339,5071,5268,5899,2816,3083,2239,1026,1213,3897,1585,2312
40139,Oklahoma,Texas County,3296,1651,1645,4610,2461,2149,4006,2235,1771,4679,2571,2108,1885,950,935,606,300,306,944,446,498
40141,Oklahoma,Tillman County,884,413,471,1379,726,653,1198,661,537,1816,943,873,936,461,475,361,181,180,663,278,385
40143,Oklahoma,Tulsa County,91535,47012,44523,130470,66162,64308,141264,70205,71059,155792,76378,79414,71297,33226,38071,25794,11521,14273,40395,16014,24381
40145,Oklahoma,Wagoner County,10335,5337,4998,15399,7872,7527,16426,8119,8307,20912,10417,10495,9874,4640,5234,3966,1884,2082,5656,2598,3058
40147,Oklahoma,Washington County,6767,3468,3299,9694,5006,4688,9879,5015,4864,11865,5652,6213,6514,3090,3424,2513,1107,1406,4862,2004,2858
40149,Oklahoma,Washita County,1437,757,680,1993,1018,975,1978,994,984,2554,1274,1280,1466,721,745,479,216,263,939,377,562
40151,Oklahoma,Woods County,1042,549,493,2170,1279,891,1752,1019,733,1698,866,832,921,459,462,356,172,184,759,346,413
40153,Oklahoma,Woodward County,2680,1357,1323,3781,1994,1787,4165,2402,1763,4776,2573,2203,2222,1128,1094,762,344,418,1483,656,827
41001,Oregon,Baker County,1774,932,842,2390,1278,1112,2684,1412,1272,3658,1851,1807,2694,1296,1398,1185,592,593,1876,920,956
41003,Oregon,Benton County,7643,3919,3724,28327,14731,13596,17324,8977,8347,18482,9042,9440,10990,5159,5831,4333,2125,2208,6193,2717,3476
41005,Oregon,Clackamas County,46409,23916,22493,73515,37835,35680,80755,40564,40191,111517,55280,56237,55170,26372,28798,22026,10286,11740,31584,13582,18002
41007,Oregon,Clatsop County,4092,2096,1996,6411,3230,3181,7365,3722,3643,9687,4821,4866,6590,3114,3476,2830,1396,1434,3444,1578,1866
41009,Oregon,Columbia County,5637,2852,2785,8896,4641,4255,9579,4857,4722,14193,7099,7094,7563,3719,3844,2951,1407,1544,4045,1842,2203
41011,Oregon,Coos County,6316,3228,3088,9438,4788,4650,10796,5530,5266,15059,7347,7712,11128,5250,5878,4828,2351,2477,7203,3428,3775
41013,Oregon,Crook County,2667,1303,1364,3773,1937,1836,4023,2035,1988,6019,2912,3107,4147,1997,2150,1873,942,931,2437,1223,1214
41015,Oregon,Curry County,1816,927,889,2529,1378,1151,3102,1583,1519,5246,2477,2769,4935,2330,2605,2280,1135,1145,3344,1616,1728
41017,Oregon,Deschutes County,20792,10661,10131,32015,16490,15525,40785,20718,20067,50974,25111,25863,29104,13581,15523,11836,5792,6044,15292,7136,8156
41019,Oregon,Douglas County,11614,5895,5719,16859,8743,8116,18613,9270,9343,25807,12677,13130,17772,8470,9302,7871,3927,3944,12786,5905,6881
41021,Oregon,Gilliam County,206,108,98,286,156,130,276,143,133,444,211,233,366,189,177,143,79,64,235,99,136
41023,Oregon,Grant County,709,375,334,965,488,477,1069,539,530,1578,784,794,1241,618,623,571,289,282,1053,516,537
41025,Oregon,Harney County,807,437,370,1163,681,482,1281,636,645,1705,816,889,1180,601,579,472,228,244,780,370,410
41027,Oregon,Hood River County,2909,1470,1439,4403,2303,2100,4489,2253,2236,6032,3025,3007,2904,1473,1431,1000,518,482,1585,652,933
41029,Oregon,Jackson County,24589,12667,11922,36490,18569,17921,42114,21039,21075,51924,25497,26427,31705,14753,16952,13985,6583,7402,20899,9193,11706
41031,Oregon,Jefferson County,3217,1695,1522,4424,2320,2104,4700,2576,2124,5803,2995,2808,3335,1643,1692,1428,725,703,1934,929,1005
41033,Oregon,Josephine County,9002,4544,4458,13523,7018,6505,14489,7351,7138,20357,9832,10525,14093,6477,7616,6542,3102,3440,10014,4504,5510
41035,Oregon,Klamath County,8366,4258,4108,11932,6213,5719,12731,6447,6284,15653,7805,7848,10014,4799,5215,4220,2136,2084,5772,2640,3132
41037,Oregon,Lake County,840,427,413,1150,574,576,1266,716,550,1990,1108,882,1305,666,639,566,294,272,838,444,394
41039,Oregon,Lane County,36984,19114,17870,78977,39596,39381,74988,38246,36742,88498,43702,44796,51347,23861,27486,21561,10210,11351,30603,13371,17232
41041,Oregon,Lincoln County,4321,2290,2031,6781,3502,3279,7392,3679,3713,11818,5586,6232,10259,4709,5550,4466,2077,2389,5469,2530,2939
41043,Oregon,Linn County,15766,7968,7798,23244,11981,11263,26326,13191,13135,31341,15550,15791,17048,8220,8828,6862,3277,3585,10144,4510,5634
41045,Oregon,Malheur County,4367,2206,2161,6589,3562,3027,6068,3643,2425,6904,3952,2952,3343,1738,1605,1356,652,704,2294,1037,1257
41047,Oregon,Marion County,45442,23250,22192,69861,36083,33778,73068,37646,35422,82671,41739,40932,39411,18457,20954,15144,6961,8183,23396,9934,13462
41049,Oregon,Morrow County,1718,874,844,2562,1354,1208,1983,997,986,2610,1316,1294,1496,730,766,544,273,271,748,369,379
41051,Oregon,Multnomah County,82337,42183,40154,128698,64492,64206,226086,112768,113318,218052,110792,107260,85500,40894,44606,32028,14773,17255,42493,17323,25170
41053,Oregon,Polk County,10210,5117,5093,19821,9911,9910,16329,8224,8105,19530,9577,9953,10169,4689,5480,4365,2099,2266,6855,3035,3820
41055,Oregon,Sherman County,199,97,102,244,119,125,327,154,173,422,230,192,281,150,131,107,58,49,225,109,116
41057,Oregon,Tillamook County,2640,1395,1245,4036,2202,1834,4505,2298,2207,6312,3192,3120,4966,2388,2578,2116,1031,1085,2773,1301,1472
41059,Oregon,Umatilla County,10413,5304,5109,15868,8448,7420,16114,8977,7137,18261,9679,8582,8594,4301,4293,3277,1592,1685,5255,2356,2899
41061,Oregon,Union County,3065,1594,1471,5692,2901,2791,4734,2413,2321,5555,2748,2807,3551,1700,1851,1468,740,728,2515,1084,1431
41063,Oregon,Wallowa County,725,348,377,979,495,484,1109,529,580,1582,761,821,1372,672,700,549,287,262,861,420,441
41065,Oregon,Wasco County,3217,1728,1489,4459,2294,2165,5313,2750,2563,5979,2943,3036,3699,1832,1867,1503,728,775,2276,1016,1260
41067,Oregon,Washington County,71637,36791,34846,110787,56326,54461,144169,73671,70498,158153,79140,79013,61634,29103,32531,22985,10186,12799,33830,13859,19971
41069,Oregon,Wheeler County,103,47,56,166,93,73,171,86,85,298,142,156,284,140,144,114,55,59,247,114,133
41071,Oregon,Yamhill County,12208,6215,5993,21521,10911,10610,20757,10869,9888,26330,13399,12931,13292,6339,6953,5178,2460,2718,8210,3550,4660
42001,Pennsylvania,Adams County,10508,5377,5131,19161,9720,9441,16933,8601,8332,26448,13108,13340,14797,7157,7640,5774,2702,3072,9214,3976,5238
42003,Pennsylvania,Allegheny County,125959,64371,61588,203345,102521,100824,268410,136544,131866,288350,140656,147694,164808,77467,87341,59300,26698,32602,102982,39328,63654
42005,Pennsylvania,Armstrong County,6366,3260,3106,10091,5183,4908,10399,5324,5075,17118,8594,8524,10079,5104,4975,3878,1886,1992,6417,2666,3751
42007,Pennsylvania,Beaver County,16825,8607,8218,26089,13330,12759,29206,14845,14361,41362,20268,21094,24514,11731,12783,9215,4308,4907,15830,6184,9646
42009,Pennsylvania,Bedford County,4838,2501,2337,7654,3952,3702,7503,3883,3620,12566,6281,6285,7268,3619,3649,2753,1337,1416,5298,2283,3015
42011,Pennsylvania,Berks County,49310,25238,24072,83108,42421,40687,78131,39483,38648,107270,52892,54378,51177,25049,26128,19602,9176,10426,32533,13307,19226
42013,Pennsylvania,Blair County,12933,6627,6306,20759,10741,10018,21931,11154,10777,30455,15127,15328,17079,8192,8887,6632,3081,3551,11521,4464,7057
42015,Pennsylvania,Bradford County,7201,3664,3537,10200,5205,4995,9979,5041,4938,14899,7378,7521,8645,4305,4340,3461,1675,1786,5946,2670,3276
42017,Pennsylvania,Bucks County,63644,32513,31131,111067,56989,54078,108179,54485,53694,172505,84857,87648,88917,43319,45598,31521,14764,16757,52641,21665,30976
42019,Pennsylvania,Butler County,19738,10186,9552,33139,16835,16304,33125,17100,16025,50779,25395,25384,26875,13274,13601,9545,4522,5023,15828,6500,9328
42021,Pennsylvania,Cambria County,12977,6739,6238,23114,11800,11314,20250,10457,9793,32012,16097,15915,19909,9723,10186,7665,3671,3994,13180,5138,8042
42023,Pennsylvania,Cameron County,419,221,198,601,315,286,599,316,283,1086,562,524,785,384,401,345,186,159,526,210,316
42025,Pennsylvania,Carbon County,6164,3128,3036,10314,5302,5012,10743,5506,5237,17485,8806,8679,9870,4887,4983,3702,1868,1834,5854,2456,3398
42027,Pennsylvania,Centre County,12703,6652,6051,48695,26141,22554,30782,17371,13411,35456,18628,16828,17301,8676,8625,6311,3032,3279,10506,4422,6084
42029,Pennsylvania,Chester County,60939,30990,29949,103538,52250,51288,94346,48026,46320,141273,70010,71263,65422,31678,33744,23363,10938,12425,37760,15727,22033
42031,Pennsylvania,Clarion County,3932,2069,1863,8184,3964,4220,6356,3253,3103,9204,4579,4625,5347,2602,2745,1906,928,978,3446,1454,1992
42033,Pennsylvania,Clearfield County,7378,3797,3581,12694,7012,5682,14391,8420,5971,21644,11693,9951,11001,5492,5509,4241,2063,2178,7440,3063,4377
42035,Pennsylvania,Clinton County,4042,2062,1980,8764,4174,4590,6332,3402,2930,8845,4423,4422,4899,2360,2539,1902,889,1013,3278,1410,1868
42037,Pennsylvania,Columbia County,5860,2971,2889,15131,7103,8028,10639,5442,5197,15470,7737,7733,8750,4214,4536,3429,1596,1833,5650,2270,3380
42039,Pennsylvania,Crawford County,9146,4662,4484,15265,7797,7468,13923,6870,7053,20972,10151,10821,12298,6033,6265,4847,2340,2507,7484,3309,4175
42041,Pennsylvania,Cumberland County,28240,14436,13804,47129,23906,23223,50221,26223,23998,64166,32493,31673,31419,14983,16436,12744,5954,6790,21378,8582,12796
42043,Pennsylvania,Dauphin County,34849,17991,16858,50039,25287,24752,57192,28339,28853,69056,33605,35451,35357,16607,18750,13177,6036,7141,20047,7942,12105
42045,Pennsylvania,Delaware County,68048,34831,33217,110203,55867,54336,111361,54415,56946,141055,67883,73172,70627,33070,37557,23791,10658,13133,41954,16134,25820
42047,Pennsylvania,Elk County,3040,1568,1472,4705,2417,2288,4527,2386,2141,8071,4069,4002,4594,2372,2222,1739,857,882,3026,1254,1772
42049,Pennsylvania,Erie County,30043,15353,14690,52157,26789,25368,51196,26096,25100,64817,32149,32668,36484,17672,18812,12855,6082,6773,21279,8687,12592
42051,Pennsylvania,Fayette County,13277,6846,6431,20331,10422,9909,22723,12158,10565,33516,16710,16806,19305,9400,9905,7305,3455,3850,12048,4840,7208
42053,Pennsylvania,Forest County,81,47,34,913,802,111,1702,1431,271,1929,1252,677,1172,638,534,474,236,238,716,368,348
42055,Pennsylvania,Franklin County,18227,9328,8899,27748,14188,13560,28045,14011,14034,39610,19724,19886,19749,9403,10346,8036,3780,4256,14265,5968,8297
42057,Pennsylvania,Fulton County,1490,763,727,2443,1240,1203,2340,1188,1152,3940,2046,1894,2027,1000,1027,849,419,430,1424,640,784
42059,Pennsylvania,Greene County,3740,1918,1822,6382,3373,3009,6475,3720,2755,9393,5041,4352,5022,2476,2546,1920,923,997,2816,1168,1648
42061,Pennsylvania,Huntingdon County,4139,2068,2071,8010,4137,3873,8184,4959,3225,11560,6449,5111,6072,2992,3080,2622,1338,1284,4122,1791,2331
42063,Pennsylvania,Indiana County,8011,4186,3825,20227,10067,10160,13262,7103,6159,19090,9616,9474,11611,5776,5835,4338,2089,2249,7262,3050,4212
42065,Pennsylvania,Jefferson County,4999,2551,2448,7283,3722,3561,7344,3777,3567,10706,5412,5294,6419,3166,3253,2274,1121,1153,4152,1730,2422
42067,Pennsylvania,Juniata County,2865,1448,1417,4422,2261,2161,4132,2131,2001,6275,3196,3079,3342,1659,1683,1286,646,640,2344,1013,1331
42069,Pennsylvania,Lackawanna County,22794,11683,11111,38078,19361,18717,38462,19322,19140,52094,25585,26509,27828,13344,14484,10988,5104,5884,19057,7297,11760
42071,Pennsylvania,Lancaster County,70299,36129,34170,104454,52961,51493,105261,52725,52536,127931,62800,65131,66032,31602,34430,25554,11879,13675,46766,19603,27163
42073,Pennsylvania,Lawrence County,9055,4538,4517,14644,7429,7215,14010,7125,6885,21225,10423,10802,12837,6182,6655,4806,2237,2569,8656,3415,5241
42075,Pennsylvania,Lebanon County,17273,8799,8474,26563,13593,12970,25221,12675,12546,34766,17315,17451,17995,8700,9295,7183,3425,3758,12644,5184,7460
42077,Pennsylvania,Lehigh County,45354,23136,22218,71576,36455,35121,73175,36865,36310,92636,45566,47070,43560,20785,22775,16528,7567,8961,27823,11063,16760
42079,Pennsylvania,Luzerne County,34252,17341,16911,55803,28719,27084,59416,31433,27983,81226,40796,40430,41394,19971,21423,16617,7757,8860,28523,11046,17477
42081,Pennsylvania,Lycoming County,12528,6275,6253,20607,10636,9971,21471,10810,10661,27475,13369,14106,15646,7654,7992,5790,2743,3047,9825,3946,5879
42083,Pennsylvania,McKean County,4114,2130,1984,7447,3886,3561,7184,4109,3075,10346,5333,5013,5778,2875,2903,2004,952,1052,3538,1460,2078
42085,Pennsylvania,Mercer County,10715,5548,5167,20175,10560,9615,17420,8979,8441,27247,13728,13519,16040,7684,8356,6010,2808,3202,11163,4406,6757
42087,Pennsylvania,Mifflin County,5721,2878,2843,7857,4033,3824,7678,3920,3758,11406,5627,5779,6098,2965,3133,2566,1159,1407,4763,1986,2777
42089,Pennsylvania,Monroe County,16387,8399,7988,33720,17116,16604,28865,14986,13879,46621,22642,23979,24140,12003,12137,8544,4179,4365,11950,5245,6705
42091,Pennsylvania,Montgomery County,94453,48309,46144,148919,75053,73866,160091,80976,79115,218242,106913,111329,105464,50104,55360,38215,17502,20713,68121,26846,41275
42093,Pennsylvania,Montour County,2028,1062,966,2781,1478,1303,3535,1824,1711,4374,2126,2248,2517,1203,1314,917,406,511,1944,697,1247
42095,Pennsylvania,Northampton County,30888,15904,14984,58847,30490,28357,55657,28464,27193,78326,38634,39692,39805,19024,20781,15653,7212,8441,26789,10834,15955
42097,Pennsylvania,Northumberland County,9446,4880,4566,14592,7761,6831,16460,8737,7723,23140,11896,11244,12865,6292,6573,5110,2383,2727,8780,3557,5223
42099,Pennsylvania,Perry County,5359,2712,2647,7583,4097,3486,8302,4256,4046,12425,6313,6112,6637,3288,3349,2544,1296,1248,3409,1432,1977
42101,Pennsylvania,Philadelphia County,199078,101630,97448,289685,144429,145256,418446,202507,215939,356929,167606,189323,165013,73358,91655,57309,24229,33080,94664,34575,60089
42103,Pennsylvania,Pike County,4580,2386,2194,9206,4857,4349,8292,4416,3876,15721,7823,7898,9026,4526,4500,3616,1767,1849,5595,2625,2970
42105,Pennsylvania,Potter County,1721,894,827,2690,1395,1295,2518,1306,1212,4089,2028,2061,2598,1293,1305,1097,531,566,1773,766,1007
42107,Pennsylvania,Schuylkill County,14344,7362,6982,23293,12286,11007,25451,14225,11226,37634,19798,17836,19621,9704,9917,7727,3670,4057,12795,5132,7663
42109,Pennsylvania,Snyder County,4365,2258,2107,8661,4421,4240,6678,3405,3273,9907,4937,4970,5065,2510,2555,2029,960,1069,3634,1506,2128
42111,Pennsylvania,Somerset County,6922,3512,3410,11300,6071,5229,12585,7343,5242,19364,10442,8922,11098,5622,5476,4356,2139,2217,7445,3073,4372
42113,Pennsylvania,Sullivan County,303,162,141,702,430,272,871,456,415,1599,831,768,1220,618,602,480,231,249,752,338,414
42115,Pennsylvania,Susquehanna County,3887,1928,1959,6205,3203,3002,6149,3211,2938,10352,5214,5138,6681,3374,3307,2586,1252,1334,4212,1902,2310
42117,Pennsylvania,Tioga County,4292,2299,1993,7061,3516,3545,6706,3344,3362,9917,4916,5001,5995,2972,3023,2384,1198,1186,4109,1867,2242
42119,Pennsylvania,Union County,4176,2145,2031,9706,5085,4621,8670,5551,3119,10760,6195,4565,4996,2452,2544,2077,979,1098,3978,1585,2393
42121,Pennsylvania,Venango County,4948,2566,2382,7928,4129,3799,7911,4007,3904,13085,6551,6534,8479,4181,4298,3046,1452,1594,5073,2084,2989
42123,Pennsylvania,Warren County,4087,2068,2019,6092,3183,2909,6129,3170,2959,9976,5044,4932,6263,3122,3141,2359,1119,1240,4076,1809,2267
42125,Pennsylvania,Washington County,21680,11074,10606,35280,18024,17256,35687,18278,17409,53762,26712,27050,30264,14589,15675,11658,5517,6141,18563,7516,11047
42127,Pennsylvania,Wayne County,4342,2217,2125,7408,3990,3418,8734,5144,3590,13566,7364,6202,8343,4241,4102,3560,1772,1788,5244,2452,2792
42129,Pennsylvania,Westmoreland County,32582,16570,16012,55802,28710,27092,56713,29066,27647,91059,45087,45972,54541,26443,28098,21568,10062,11506,35456,14333,21123
42131,Pennsylvania,Wyoming County,2591,1290,1301,4691,2467,2224,4362,2278,2084,6917,3440,3477,3966,1931,2035,1632,803,829,2455,1126,1329
42133,Pennsylvania,York County,51985,26651,25334,82168,42299,39869,84735,42694,42041,117697,58281,59416,57506,27853,29653,21734,10224,11510,34549,14537,20012
44001,Rhode Island,Bristol County,4271,2147,2124,9830,4917,4913,7663,3848,3815,12900,6144,6756,6825,3265,3560,2461,1132,1329,4485,1864,2621
44003,Rhode Island,Kent County,16211,8273,7938,25520,13173,12347,32960,16661,16299,44543,21516,23027,23237,10871,12366,8480,3859,4621,13706,5338,8368
44005,Rhode Island,Newport County,7187,3710,3477,13876,7173,6703,14898,7920,6978,20493,10049,10444,12009,5701,6308,5141,2455,2686,8442,3569,4873
44007,Rhode Island,Providence County,71565,36649,34916,124129,62423,61706,141001,71528,69473,158370,77222,81148,72649,34293,38356,25220,11655,13565,44109,16819,27290
44009,Rhode Island,Washington County,9823,5048,4775,28019,13841,14178,18526,9443,9083,31359,15007,16352,19309,9265,10044,7436,3543,3893,11351,4748,6603
45001,South Carolina,Abbeville County,2433,1242,1191,4611,2343,2268,3904,1923,1981,6092,2926,3166,3567,1674,1893,1527,718,809,2341,990,1351
45003,South Carolina,Aiken County,19626,9895,9731,30585,15381,15204,32273,15713,16560,42710,20536,22174,23376,10883,12493,9690,4503,5187,14392,6142,8250
45005,South Carolina,Allendale County,847,438,409,1476,804,672,1657,1013,644,2042,1056,986,1179,529,650,534,226,308,691,285,406
45007,South Carolina,Anderson County,24507,12517,11990,38183,19256,18927,37496,17995,19501,52400,25368,27032,25201,11803,13398,10491,4807,5684,15726,6454,9272
45009,South Carolina,Bamberg County,1363,697,666,2917,1512,1405,2162,1069,1093,3289,1542,1747,2024,945,1079,850,366,484,1368,537,831
45011,South Carolina,Barnwell County,2646,1352,1294,3919,2000,1919,3579,1762,1817,5176,2446,2730,2830,1281,1549,1099,503,596,1609,641,968
45013,South Carolina,Beaufort County,19116,9796,9320,33074,17991,15083,30821,15460,15361,41870,19603,22267,30521,13443,17078,16358,7729,8629,23308,11170,12138
45015,South Carolina,Berkeley County,30231,15487,14744,46697,25190,21507,50838,25211,25627,58481,28331,30150,25554,11822,13732,9992,4596,5396,12599,5594,7005
45017,South Carolina,Calhoun County,1426,767,659,2303,1172,1131,2343,1165,1178,3808,1796,2012,2283,1063,1220,969,459,510,1440,605,835
45019,South Carolina,Charleston County,46108,23436,22672,70445,35990,34455,99783,48945,50838,101291,48862,52429,51574,23381,28193,20113,9217,10896,27587,11593,15994
45021,South Carolina,Cherokee County,6919,3595,3324,11217,5740,5477,10698,5229,5469,14894,7216,7678,6930,3312,3618,2755,1298,1457,3954,1601,2353
45023,South Carolina,Chester County,3903,2001,1902,5791,2980,2811,5766,2735,3031,8312,4010,4302,4337,2026,2311,1665,782,883,2500,1020,1480
45025,South Carolina,Chesterfield County,5293,2695,2598,8295,4173,4122,7910,3924,3986,12223,6013,6210,6015,2858,3157,2495,1138,1357,3455,1422,2033
45027,South Carolina,Clarendon County,3189,1607,1582,5908,3322,2586,5467,2701,2766,7996,3822,4174,5223,2306,2917,2349,1070,1279,3432,1523,1909
45029,South Carolina,Colleton County,4676,2381,2295,6635,3304,3331,6468,3079,3389,9310,4408,4902,5298,2487,2811,2098,1006,1092,3072,1342,1730
45031,South Carolina,Darlington County,7796,4003,3793,12533,6229,6304,11622,5535,6087,16757,7823,8934,8931,4025,4906,3638,1679,1959,5310,2075,3235
45033,South Carolina,Dillon County,4063,2042,2021,6053,3034,3019,5549,2626,2923,7390,3392,3998,3781,1745,2036,1444,624,820,2113,814,1299
45035,South Carolina,Dorchester County,20827,10607,10220,31717,16204,15513,35121,17295,17826,43123,20816,22307,18366,8470,9896,6907,3216,3691,9216,3877,5339
45037,South Carolina,Edgefield County,2308,1161,1147,4649,2536,2113,5450,3314,2136,7263,3890,3373,3755,1869,1886,1558,754,804,2205,932,1273
45039,South Carolina,Fairfield County,2111,1093,1018,3598,1843,1755,3518,1667,1851,5820,2766,3054,3748,1732,2016,1444,735,709,1903,772,1131
45041,South Carolina,Florence County,17109,8618,8491,26925,13265,13660,25822,12114,13708,34660,15915,18745,16874,7703,9171,6799,3014,3785,9631,3704,5927
45043,South Carolina,Georgetown County,5642,2878,2764,9719,5037,4682,8771,4250,4521,15015,6809,8206,11306,5038,6268,5501,2548,2953,7363,3346,4017
45045,South Carolina,Greenville County,65947,34081,31866,100631,50197,50434,110154,54185,55969,134212,65183,69029,60590,28107,32483,23914,10826,13088,35359,14657,20702
45047,South Carolina,Greenwood County,8765,4381,4384,13935,6713,7222,13014,5963,7051,17204,8147,9057,8570,3928,4642,3674,1676,1998,5923,2374,3549
45049,South Carolina,Hampton County,2074,1061,1013,3358,1732,1626,3346,1732,1614,4598,2209,2389,2434,1121,1313,1029,485,544,1530,652,878
45051,South Carolina,Horry County,33399,16907,16492,54904,27705,27199,60192,29300,30892,90570,42825,47745,62911,28794,34117,28515,13854,14661,32407,15086,17321
45053,South Carolina,Jasper County,3386,1741,1645,5199,2770,2429,5894,3254,2640,7558,3719,3839,4892,2239,2653,2052,951,1101,2300,1043,1257
45055,South Carolina,Kershaw County,8007,4049,3958,12331,6356,5975,11999,5772,6227,17349,8299,9050,8987,4178,4809,3592,1692,1900,5065,2097,2968
45057,South Carolina,Lancaster County,11874,6080,5794,15912,8083,7829,18500,9104,9396,25772,12711,13061,12641,5736,6905,6577,2881,3696,9030,4060,4970
45059,South Carolina,Laurens County,7995,4120,3875,12805,6483,6322,12180,5898,6282,17193,8230,8963,9025,4276,4749,3358,1578,1780,5260,2114,3146
45061,South Carolina,Lee County,1670,838,832,3098,1711,1387,3305,1957,1348,4113,2048,2065,2377,1093,1284,891,387,504,1300,482,818
45063,South Carolina,Lexington County,36152,18402,17750,55545,28427,27118,61007,29734,31273,79820,38869,40951,36583,17144,19439,14016,6428,7588,19830,8330,11500
45065,South Carolina,McCormick County,482,255,227,1009,560,449,1377,934,443,2216,1222,994,1925,926,999,1036,473,563,1391,712,679
45067,South Carolina,Marion County,3568,1805,1763,5481,2762,2719,5227,2420,2807,7410,3383,4027,4355,1903,2452,1802,773,1029,2431,892,1539
45069,South Carolina,Marlboro County,2745,1391,1354,4417,2335,2082,5274,3237,2037,6632,3433,3199,3330,1550,1780,1418,645,773,1907,724,1183
45071,South Carolina,Newberry County,4449,2261,2188,7453,3887,3566,6346,3209,3137,9522,4603,4919,5257,2519,2738,2163,1021,1142,3252,1326,1926
45073,South Carolina,Oconee County,8021,4094,3927,13300,6825,6475,13160,6625,6535,19699,9644,10055,12596,5993,6603,5458,2665,2793,7668,3435,4233
45075,South Carolina,Orangeburg County,9822,4932,4890,17283,8565,8718,14571,6808,7763,20205,9256,10949,11470,5185,6285,4827,2177,2650,7431,3021,4410
45077,South Carolina,Pickens County,12724,6519,6205,33896,17799,16097,22248,11362,10886,29284,14298,14986,14526,6933,7593,5698,2672,3026,9380,3952,5428
45079,South Carolina,Richland County,48428,24665,23763,103602,53482,50120,89855,43524,46331,96700,45023,51677,42936,19347,23589,15782,7029,8753,21464,8515,12949
45081,South Carolina,Saluda County,2369,1229,1140,3420,1794,1626,3512,1852,1660,5283,2636,2647,2726,1358,1368,1085,514,571,1925,800,1125
45083,South Carolina,Spartanburg County,40397,20664,19733,63443,31840,31603,65440,32069,33371,81963,40060,41903,37170,17342,19828,14691,6804,7887,21721,8830,12891
45085,South Carolina,Sumter County,14139,7238,6901,21692,11214,10478,21403,10579,10824,24261,11284,12977,12510,5688,6822,4860,2118,2742,7605,2976,4629
45087,South Carolina,Union County,3027,1524,1503,4689,2403,2286,4559,2133,2426,7059,3337,3722,3842,1818,2024,1583,667,916,2280,894,1386
45089,South Carolina,Williamsburg County,3106,1521,1585,5218,2617,2601,5258,2782,2476,7354,3447,3907,4474,1926,2548,1880,843,1037,2646,1019,1627
45091,South Carolina,York County,36037,18419,17618,55564,27617,27947,56209,26791,29418,79095,38409,40686,31874,14878,16996,12204,5615,6589,16290,6748,9542
46003,South Dakota,Aurora County,363,190,173,521,286,235,473,261,212,609,318,291,370,186,184,142,75,67,265,121,144
46005,South Dakota,Beadle County,3024,1502,1522,3470,1880,1590,3275,1652,1623,4212,2107,2105,2300,1175,1125,776,401,375,1496,597,899
46007,South Dakota,Bennett County,646,321,325,792,391,401,642,313,329,689,335,354,324,168,156,109,57,52,212,92,120
46009,South Dakota,Bon Homme County,727,374,353,1202,709,493,1410,1006,404,1641,1044,597,860,462,398,329,169,160,706,289,417
46011,South Dakota,Brookings County,4235,2203,2032,12297,6304,5993,6572,3616,2956,6289,3283,3006,3235,1596,1639,1155,567,588,1831,792,1039
46013,South Dakota,Brown County,5032,2563,2469,7918,3839,4079,7569,3953,3616,8819,4480,4339,4662,2233,2429,1683,805,878,3137,1228,1909
46015,South Dakota,Brule County,724,376,348,1075,556,519,826,418,408,1236,602,634,755,396,359,194,97,97,459,188,271
46017,South Dakota,Buffalo County,410,218,192,541,257,284,363,180,183,365,185,180,182,87,95,40,18,22,68,31,37
46019,South Dakota,Butte County,1430,718,712,1916,1028,888,1799,908,891,2403,1222,1181,1543,765,778,580,308,272,864,392,472
46021,South Dakota,Campbell County,132,74,58,180,89,91,168,86,82,337,180,157,263,143,120,87,45,42,219,100,119
46023,South Dakota,Charles Mix County,1627,875,752,1887,960,927,1478,749,729,1917,955,962,1126,573,553,390,195,195,862,372,490
46025,South Dakota,Clark County,692,334,358,575,318,257,664,356,308,749,396,353,547,295,252,202,101,101,362,141,221
46027,South Dakota,Clay County,1423,728,695,5556,2681,2875,2509,1313,1196,2358,1181,1177,1233,612,621,460,252,208,700,287,413
46029,South Dakota,Codington County,3530,1792,1738,5332,2769,2563,5311,2733,2578,6829,3493,3336,3618,1820,1798,1225,583,642,2353,970,1383
46031,South Dakota,Corson County,837,399,438,990,492,498,688,356,332,827,426,401,397,191,206,132,62,70,186,81,105
46033,South Dakota,Custer County,653,333,320,1053,592,461,1117,563,554,2276,1084,1192,2115,1021,1094,790,431,359,1016,485,531
46035,South Dakota,Davison County,2457,1257,1200,4052,2109,1943,3662,1921,1741,4426,2267,2159,2506,1220,1286,882,425,457,1877,705,1172
46037,South Dakota,Day County,617,299,318,916,473,443,764,403,361,1181,614,567,885,474,411,358,179,179,665,287,378
46039,South Dakota,Deuel County,553,289,264,757,409,348,723,389,334,1017,527,490,624,327,297,261,134,127,416,181,235
46041,South Dakota,Dewey County,1348,683,665,1356,678,678,1069,524,545,1169,573,596,499,245,254,147,67,80,236,103,133
46043,South Dakota,Douglas County,439,196,243,515,268,247,403,216,187,605,301,304,426,220,206,168,81,87,349,151,198
46045,South Dakota,Edmunds County,483,230,253,639,337,302,597,298,299,942,490,452,554,291,263,203,102,101,412,176,236
46047,South Dakota,Fall River County,561,262,299,951,517,434,883,448,435,1638,820,818,1336,666,670,552,288,264,797,376,421
46049,South Dakota,Faulk County,351,177,174,392,189,203,345,174,171,492,254,238,327,171,156,119,62,57,281,129,152
46051,South Dakota,Grant County,840,433,407,1199,652,547,1052,550,502,1783,980,803,1091,573,518,378,177,201,677,296,381
46053,South Dakota,Gregory County,541,294,247,750,403,347,590,308,282,920,490,430,628,319,309,273,137,136,508,208,300
46055,South Dakota,Haakon County,229,110,119,335,165,170,276,135,141,378,204,174,330,175,155,102,52,50,220,90,130
46057,South Dakota,Hamlin County,1121,571,550,1403,723,680,1004,552,452,1340,699,641,677,357,320,232,127,105,452,188,264
46059,South Dakota,Hand County,374,186,188,523,257,266,469,264,205,696,357,339,492,248,244,155,75,80,426,179,247
46061,South Dakota,Hanson County,524,257,267,772,390,382,535,250,285,851,445,406,510,265,245,149,74,75,145,79,66
46063,South Dakota,Harding County,166,83,83,232,123,109,240,141,99,303,156,147,208,109,99,64,34,30,103,49,54
46065,South Dakota,Hughes County,2397,1238,1159,3114,1572,1542,3403,1677,1726,4133,1974,2159,2245,1121,1124,813,416,397,1279,556,723
46067,South Dakota,Hutchinson County,1131,566,565,1229,602,627,1104,562,542,1633,842,791,996,508,488,336,165,171,868,344,524
46069,South Dakota,Hyde County,143,74,69,218,124,94,196,102,94,277,135,142,227,111,116,61,32,29,164,76,88
46071,South Dakota,Jackson County,708,349,359,748,377,371,560,272,288,663,338,325,339,176,163,114,54,60,198,96,102
46073,South Dakota,Jerauld County,265,133,132,306,168,138,309,159,150,414,218,196,321,165,156,123,61,62,253,89,164
46075,South Dakota,Jones County,118,64,54,141,70,71,139,73,66,211,97,114,165,90,75,55,30,25,107,55,52
46077,South Dakota,Kingsbury County,675,336,339,826,424,402,781,415,366,1150,578,572,741,405,336,270,147,123,533,224,309
46079,South Dakota,Lake County,1343,710,633,2514,1374,1140,1847,1003,844,2726,1405,1321,2306,1158,1148,880,485,395,929,423,506
46081,South Dakota,Lawrence County,2270,1197,1073,5206,2562,2644,4586,2426,2160,5842,2935,2907,4373,2174,2199,1591,825,766,2291,1017,1274
46083,South Dakota,Lincoln County,9285,4804,4481,12408,6307,6101,14002,6972,7030,14971,7411,7560,6222,2975,3247,2384,1138,1246,3322,1419,1903
46085,South Dakota,Lyman County,641,344,297,772,417,355,633,325,308,798,420,378,511,289,222,153,75,78,288,125,163
46087,South Dakota,McCook County,875,455,420,1061,538,523,897,468,429,1273,665,608,713,369,344,231,106,125,483,196,287
46089,South Dakota,McPherson County,324,163,161,394,200,194,321,165,156,473,237,236,355,187,168,131,66,65,367,148,219
46091,South Dakota,Marshall County,687,353,334,775,413,362,854,490,364,1105,611,494,720,388,332,277,145,132,465,202,263
46093,South Dakota,Meade County,3299,1713,1586,6109,3497,2612,6150,3200,2950,6427,3215,3212,3575,1783,1792,1262,652,610,1714,780,934
46095,South Dakota,Mellette County,353,173,180,476,257,219,341,162,179,455,226,229,236,127,109,99,51,48,123,60,63
46097,South Dakota,Miner County,271,142,129,424,229,195,306,156,150,513,262,251,353,186,167,97,56,41,236,98,138
46099,South Dakota,Minnehaha County,28635,14680,13955,37756,19255,18501,44914,23574,21340,46010,23543,22467,21980,10792,11188,7018,3442,3576,9765,3824,5941
46101,South Dakota,Moody County,971,480,491,1236,637,599,1033,540,493,1542,794,748,880,427,453,319,179,140,553,223,330
46102,South Dakota,Oglala Lakota County,2907,1479,1428,3794,1930,1864,3043,1513,1530,2732,1318,1414,991,431,560,254,98,156,349,125,224
46103,South Dakota,Pennington County,14556,7524,7032,20773,10950,9823,22300,11554,10746,26639,13227,13412,17374,8513,8861,5854,2983,2871,8073,3436,4637
46105,South Dakota,Perkins County,329,157,172,450,238,212,394,208,186,658,318,340,476,252,224,174,86,88,354,166,188
46107,South Dakota,Potter County,241,119,122,351,172,179,297,148,149,469,229,240,321,166,155,167,78,89,312,134,178
46109,South Dakota,Roberts County,1808,928,880,2029,1078,951,1550,769,781,2208,1116,1092,1313,678,635,511,268,243,915,417,498
46111,South Dakota,Sanborn County,345,174,171,373,200,173,401,216,185,551,288,263,355,184,171,117,60,57,177,75,102
46115,South Dakota,Spink County,771,377,394,1098,584,514,1100,597,503,1443,715,728,969,489,480,296,155,141,656,260,396
46117,South Dakota,Stanley County,419,201,218,530,282,248,513,272,241,753,375,378,407,203,204,175,80,95,308,146,162
46119,South Dakota,Sully County,170,82,88,219,115,104,195,105,90,329,169,160,246,143,103,84,44,40,150,68,82
46121,South Dakota,Todd County,2536,1302,1234,2818,1395,1423,1951,933,1018,1805,840,965,710,316,394,215,92,123,249,111,138
46123,South Dakota,Tripp County,744,387,357,921,475,446,826,445,381,1230,622,608,754,395,359,293,137,156,601,239,362
46125,South Dakota,Turner County,1092,527,565,1487,777,710,1358,702,656,2015,1027,988,1171,599,572,409,217,192,807,311,496
46127,South Dakota,Union County,2088,996,1092,3004,1595,1409,2926,1524,1402,4018,2028,1990,2114,1071,1043,772,400,372,1191,507,684
46129,South Dakota,Walworth County,700,354,346,898,455,443,869,465,404,1129,562,567,761,380,381,328,165,163,637,280,357
46135,South Dakota,Yankton County,2594,1318,1276,4172,2114,2058,4211,2529,1682,5531,3027,2504,3094,1562,1532,1092,517,575,2038,825,1213
46137,South Dakota,Ziebach County,304,168,136,744,335,409,498,275,223,666,332,334,278,137,141,80,41,39,118,57,61
47001,Tennessee,Anderson County,8622,4392,4230,13390,6877,6513,14040,7036,7004,19956,9679,10277,10480,4985,5495,4222,1935,2287,6781,2820,3961
47003,Tennessee,Bedford County,6739,3418,3321,10024,5166,4858,9912,5015,4897,12786,6288,6498,5377,2574,2803,2200,956,1244,3098,1321,1777
47005,Tennessee,Benton County,1714,905,809,2524,1279,1245,2470,1242,1228,4233,2081,2152,2441,1167,1274,1158,568,590,1633,712,921
47007,Tennessee,Bledsoe County,1147,597,550,2071,1247,824,3233,2248,985,4725,2885,1840,2016,1070,946,822,415,407,1180,574,606
47009,Tennessee,Blount County,13854,7085,6769,22970,11697,11273,23869,11899,11970,35824,17353,18471,18407,8663,9744,7761,3630,4131,11820,5049,6771
47011,Tennessee,Bradley County,12599,6350,6249,21086,10684,10402,20460,10198,10262,28686,14004,14682,12701,5978,6723,5248,2338,2910,8158,3369,4789
47013,Tennessee,Campbell County,4345,2283,2062,6711,3417,3294,6909,3461,3448,10751,5323,5428,5331,2534,2797,2221,1023,1198,3587,1551,2036
47015,Tennessee,Cannon County,1797,936,861,2437,1252,1185,2850,1484,1366,3960,2038,1922,1885,871,1014,713,317,396,1160,489,671
47017,Tennessee,Carroll County,3268,1698,1570,5387,2837,2550,4618,2298,2320,6922,3398,3524,3549,1683,1866,1596,743,853,2466,1009,1457
47019,Tennessee,Carter County,5068,2615,2453,8972,4521,4451,10093,5157,4936,15220,7468,7752,8080,3815,4265,3435,1664,1771,5603,2421,3182
47021,Tennessee,Cheatham County,4642,2393,2249,7236,3691,3545,8016,4084,3932,11757,5818,5939,5237,2529,2708,1902,898,1004,2288,1005,1283
47023,Tennessee,Chester County,1988,981,1007,4060,2005,2055,3016,1488,1528,4215,2022,2193,1996,947,1049,826,379,447,1311,516,795
47025,Tennessee,Claiborne County,3264,1694,1570,5663,2849,2814,5782,2945,2837,8353,4100,4253,4501,2135,2366,1823,830,993,2626,1118,1508
47027,Tennessee,Clay County,779,390,389,1200,592,608,1118,545,573,2012,1021,991,1127,550,577,516,236,280,869,388,481
47029,Tennessee,Cocke County,3824,1965,1859,5963,3055,2908,5931,2882,3049,9685,4662,5023,5393,2510,2883,2317,1121,1196,3101,1407,1694
47031,Tennessee,Coffee County,7463,3836,3627,10834,5553,5281,10795,5310,5485,14551,7158,7393,6838,3275,3563,2706,1238,1468,4267,1746,2521
47033,Tennessee,Crockett County,1780,930,850,2639,1270,1369,2555,1242,1313,3577,1716,1861,1747,832,915,697,340,357,1207,458,749
47035,Tennessee,Cumberland County,5683,2881,2802,8359,4354,4005,8751,4371,4380,13691,6559,7132,10944,5050,5894,5568,2630,2938,8474,4104,4370
47037,Tennessee,Davidson County,84116,42520,41596,124688,61119,63569,196946,96148,100798,161030,78850,82180,69630,31799,37831,23609,10550,13059,34224,13108,21116
47039,Tennessee,Decatur County,1210,649,561,1919,981,938,1792,889,903,2970,1516,1454,1768,849,919,709,339,370,1239,502,737
47041,Tennessee,DeKalb County,2395,1281,1114,3556,1854,1702,3834,2031,1803,5540,2720,2820,2737,1327,1410,1090,529,561,1599,672,927
47043,Tennessee,Dickson County,6613,3374,3239,9722,5078,4644,10621,5271,5350,14507,7115,7392,6717,3168,3549,2437,1151,1286,3675,1510,2165
47045,Tennessee,Dyer County,4660,2393,2267,7004,3585,3419,6807,3239,3568,9402,4544,4858,4313,2080,2233,1913,855,1058,2749,1102,1647
47047,Tennessee,Fayette County,4011,2013,1998,6371,3342,3029,6875,3419,3456,11394,5570,5824,6582,3165,3417,2582,1265,1317,3712,1655,2057
47049,Tennessee,Fentress County,2095,1076,1019,3091,1607,1484,2978,1517,1461,4900,2396,2504,2823,1350,1473,1207,560,647,1657,737,920
47051,Tennessee,Franklin County,4359,2218,2141,8783,4396,4387,6955,3519,3436,10437,5138,5299,5850,2758,3092,2348,1120,1228,3733,1595,2138
47053,Tennessee,Gibson County,6389,3296,3093,9161,4642,4519,9053,4326,4727,12403,6031,6372,5861,2815,3046,2322,995,1327,3984,1538,2446
47055,Tennessee,Giles County,3287,1672,1615,5242,2569,2673,5078,2509,2569,7609,3744,3865,4143,2023,2120,1633,773,860,2545,1028,1517
47057,Tennessee,Grainger County,2338,1218,1120,4028,2156,1872,3840,1956,1884,6523,3261,3262,3424,1672,1752,1458,718,740,1937,863,1074
47059,Tennessee,Greene County,6821,3537,3284,11923,6237,5686,11508,5793,5715,18600,9097,9503,9742,4633,5109,4388,2074,2314,6521,2801,3720
47061,Tennessee,Grundy County,1495,809,686,2346,1258,1088,2323,1160,1163,3524,1779,1745,1773,836,937,807,363,444,1221,504,717
47063,Tennessee,Hamblen County,8046,4186,3860,12059,6119,5940,11665,5922,5743,17022,8448,8574,7604,3570,4034,3357,1489,1868,5368,2157,3211
47065,Tennessee,Hamilton County,42374,21680,20694,65819,32796,33023,78489,38809,39680,92253,44733,47520,45887,21329,24558,18030,8374,9656,28061,11184,16877
47067,Tennessee,Hancock County,720,338,382,1079,586,493,1092,543,549,1637,791,846,1040,529,511,406,199,207,551,228,323
47069,Tennessee,Hardeman County,2531,1258,1273,4339,2420,1919,5327,3483,1844,6435,3644,2791,3074,1493,1581,1288,603,685,1928,811,1117
47071,Tennessee,Hardin County,2669,1376,1293,4224,2159,2065,4141,2038,2103,6550,3195,3355,3753,1822,1931,1626,730,896,2643,1132,1511
47073,Tennessee,Hawkins County,5506,2856,2650,9533,4834,4699,9604,4910,4694,15506,7586,7920,8078,3907,4171,3440,1607,1833,5134,2282,2852
47075,Tennessee,Haywood County,2014,1030,984,3122,1575,1547,2951,1391,1560,4273,1957,2316,2484,1112,1372,881,388,493,1336,520,816
47077,Tennessee,Henderson County,3314,1751,1563,5160,2650,2510,5081,2519,2562,7405,3649,3756,3438,1626,1812,1466,661,805,2226,920,1306
47079,Tennessee,Henry County,3323,1647,1676,5291,2759,2532,5204,2565,2639,8193,4006,4187,4719,2221,2498,2107,999,1108,3304,1393,1911
47081,Tennessee,Hickman County,2797,1424,1373,4434,2420,2014,4954,2799,2155,6850,3621,3229,3255,1586,1669,1231,599,632,1834,789,1045
47083,Tennessee,Houston County,909,468,441,1446,727,719,1431,718,713,2146,1054,1092,1140,551,589,466,223,243,735,320,415
47085,Tennessee,Humphreys County,2129,1144,985,3214,1645,1569,3251,1651,1600,4828,2399,2429,2555,1234,1321,1036,494,542,1586,699,887
47087,Tennessee,Jackson County,1122,573,549,1767,916,851,1904,968,936,3205,1624,1581,1985,984,1001,785,397,388,1098,499,599
47089,Tennessee,Jefferson County,5440,2689,2751,9783,5014,4769,9240,4677,4563,15024,7428,7596,7789,3808,3981,3119,1436,1683,4738,2066,2672
47091,Tennessee,Johnson County,1539,801,738,2651,1477,1174,3047,1804,1243,4980,2818,2162,2651,1271,1380,1188,555,633,1776,781,995
47093,Tennessee,Knox County,53600,27487,26113,100403,50972,49431,96934,47850,49084,116696,56808,59888,53910,25081,28829,21037,9612,11425,31865,12792,19073
47095,Tennessee,Lake County,550,268,282,1157,808,349,1742,1312,430,1925,1229,696,812,439,373,299,142,157,499,188,311
47097,Tennessee,Lauderdale County,2964,1498,1466,4905,2703,2202,5205,3039,2166,6644,3415,3229,2958,1368,1590,1149,523,626,1681,691,990
47099,Tennessee,Lawrence County,6003,3092,2911,8311,4341,3970,8035,3973,4062,11142,5493,5649,5307,2529,2778,2106,993,1113,3486,1433,2053
47101,Tennessee,Lewis County,1417,703,714,2168,1143,1025,2089,1022,1067,3089,1520,1569,1751,830,921,731,346,385,1107,451,656
47103,Tennessee,Lincoln County,3895,1955,1940,6240,3235,3005,5947,2996,2951,8909,4423,4486,4784,2295,2489,1788,798,990,2973,1234,1739
47105,Tennessee,Loudon County,5566,2923,2643,8364,4378,3986,8143,4135,4008,13133,6348,6785,9040,4270,4770,4269,2043,2226,6208,2870,3338
47107,Tennessee,McMinn County,6013,3098,2915,9634,4910,4724,9522,4701,4821,13962,6815,7147,7278,3484,3794,2936,1388,1548,4796,2012,2784
47109,Tennessee,McNairy County,2816,1443,1373,4657,2397,2260,4278,2177,2101,6756,3282,3474,3369,1559,1810,1491,710,781,2334,980,1354
47111,Tennessee,Macon County,3437,1796,1641,4621,2377,2244,4767,2272,2495,6410,3192,3218,2837,1339,1498,1098,506,592,1630,658,972
47113,Tennessee,Madison County,12062,6279,5783,19873,9646,10227,18101,8575,9526,24015,11320,12695,12430,5724,6706,4695,2130,2565,7153,2852,4301
47115,Tennessee,Marion County,3254,1648,1606,4937,2550,2387,4962,2493,2469,7626,3725,3901,4077,1951,2126,1687,803,884,2375,1006,1369
47117,Tennessee,Marshall County,4388,2251,2137,6352,3244,3108,6839,3333,3506,9267,4585,4682,4252,2021,2231,1578,719,859,2217,949,1268
47119,Tennessee,Maury County,12660,6382,6278,17307,8756,8551,20528,10114,10414,24852,11868,12984,12718,5956,6762,4546,2133,2413,6310,2577,3733
47121,Tennessee,Meigs County,1354,676,678,2103,1045,1058,1994,1003,991,3511,1733,1778,1733,856,877,785,401,384,1012,482,530
47123,Tennessee,Monroe County,5182,2731,2451,7909,4078,3831,7906,4061,3845,12191,6014,6177,6746,3202,3544,2985,1409,1576,4124,1817,2307
47125,Tennessee,Montgomery County,33657,17365,16292,46217,23726,22491,55977,28700,27277,46809,22599,24210,17122,7953,9169,5727,2604,3123,7702,3183,4519
47127,Tennessee,Moore County,634,336,298,1049,531,518,1057,519,538,1743,887,856,925,431,494,376,185,191,655,305,350
47129,Tennessee,Morgan County,2113,1093,1020,3679,2052,1627,4213,2606,1607,5922,3338,2584,2796,1384,1412,1114,529,585,1575,701,874
47131,Tennessee,Obion County,3558,1837,1721,5284,2627,2657,5240,2581,2659,7545,3710,3835,4052,1907,2145,1717,840,877,2787,1118,1669
47133,Tennessee,Overton County,2486,1304,1182,3966,2064,1902,3879,1994,1885,5826,2889,2937,3072,1482,1590,1333,626,707,1922,823,1099
47135,Tennessee,Perry County,1039,535,504,1355,721,634,1397,717,680,1983,984,999,1089,540,549,488,244,244,758,342,416
47137,Tennessee,Pickett County,425,186,239,780,421,359,652,325,327,1339,658,681,844,409,435,411,215,196,615,285,330
47139,Tennessee,Polk County,1651,827,824,2778,1428,1350,2711,1384,1327,4852,2400,2452,2318,1134,1184,989,474,515,1514,667,847
47141,Tennessee,Putnam County,9180,4648,4532,18780,10046,8734,15478,7936,7542,18733,9108,9625,8942,4150,4792,3801,1753,2048,5782,2409,3373
47143,Tennessee,Rhea County,3947,2034,1913,6463,3287,3176,5791,2953,2838,8411,4151,4260,4329,2078,2251,1813,887,926,2629,1133,1496
47145,Tennessee,Roane County,5092,2609,2483,8687,4551,4136,8563,4256,4307,14326,7002,7324,8277,4026,4251,3469,1688,1781,5347,2311,3036
47147,Tennessee,Robertson County,9064,4674,4390,13344,6755,6589,14116,7091,7025,19679,9747,9932,8631,4119,4512,3018,1392,1626,4275,1842,2433
47149,Tennessee,Rutherford County,44278,22580,21698,78464,39541,38923,74585,36973,37612,85881,41845,44036,30353,14378,15975,10116,4593,5523,13905,5637,8268
47151,Tennessee,Scott County,2744,1407,1337,4227,2125,2102,3975,1988,1987,5869,2931,2938,2635,1247,1388,1012,481,531,1632,699,933
47153,Tennessee,Sequatchie County,1627,823,804,2554,1337,1217,2504,1259,1245,4020,1982,2038,2196,1059,1137,912,458,454,1336,594,742
47155,Tennessee,Sevier County,10688,5608,5080,16821,8778,8043,17582,8877,8705,26311,12766,13545,14033,6531,7502,5687,2722,2965,7960,3523,4437
47157,Tennessee,Shelby County,130430,66215,64215,186318,93159,93159,201899,96723,105176,226964,105917,121047,103892,46548,57344,36174,15939,20235,51153,19246,31907
47159,Tennessee,Smith County,2447,1272,1175,3644,1879,1765,3828,1951,1877,5417,2681,2736,2557,1289,1268,1001,477,524,1356,564,792
47161,Tennessee,Stewart County,1517,741,776,2368,1263,1105,2329,1189,1140,3693,1875,1818,1968,940,1028,791,387,404,1144,481,663
47163,Tennessee,Sullivan County,15744,8097,7647,26077,13350,12727,27739,13982,13757,42070,20527,21543,21852,10334,11518,9360,4309,5051,15876,6646,9230
47165,Tennessee,Sumner County,24051,12181,11870,36017,18521,17496,37727,18399,19328,52436,25588,26848,22742,10736,12006,8798,4136,4662,12805,5253,7552
47167,Tennessee,Tipton County,7682,3900,3782,12228,6310,5918,12096,6000,6096,16311,7998,8313,7286,3440,3846,2618,1171,1447,3628,1564,2064
47169,Tennessee,Trousdale County,1187,594,593,2135,1359,776,3402,2343,1059,2591,1403,1188,1114,532,582,411,195,216,559,252,307
47171,Tennessee,Unicoi County,1672,841,831,2846,1510,1336,2924,1516,1408,4631,2299,2332,2747,1309,1438,1125,518,607,1848,811,1037
47173,Tennessee,Union County,2219,1145,1074,3508,1817,1691,3546,1754,1792,5503,2737,2766,2789,1388,1401,1038,518,520,1504,622,882
47175,Tennessee,Van Buren County,664,351,313,913,485,428,867,459,408,1572,786,786,940,457,483,427,224,203,535,232,303
47177,Tennessee,Warren County,5115,2579,2536,7691,3994,3697,7613,3845,3768,10761,5476,5285,5181,2440,2741,2024,937,1087,3121,1296,1825
47179,Tennessee,Washington County,13056,6638,6418,26789,13250,13539,24055,11975,12080,32691,16248,16443,16364,7803,8561,6757,3148,3609,10505,4542,5963
47181,Tennessee,Wayne County,1352,715,637,2614,1502,1112,3484,2287,1197,4653,2623,2030,2119,1049,1070,901,430,471,1412,589,823
47183,Tennessee,Weakley County,3425,1785,1640,8168,4059,4109,5529,2818,2711,7747,3776,3971,3962,1898,2064,1680,772,908,2792,1132,1660
47185,Tennessee,White County,3238,1686,1552,4715,2381,2334,4803,2448,2355,7151,3515,3636,3742,1733,2009,1528,725,803,2432,1024,1408
47187,Tennessee,Williamson County,31715,16344,15371,51987,26383,25604,39398,18976,20422,71757,35101,36656,26426,12678,13748,9318,4501,4817,13110,5650,7460
47189,Tennessee,Wilson County,18313,9271,9042,27039,14083,12956,28062,13588,14474,40829,20221,20608,17091,8123,8968,6684,3127,3557,9219,3940,5279
48001,Texas,Anderson County,6017,3127,2890,9520,5432,4088,14001,10129,3872,16335,10982,5353,6068,3110,2958,2336,1144,1192,3586,1516,2070
48003,Texas,Andrews County,3364,1675,1689,4294,2229,2065,4270,2245,2025,4221,2180,2041,1521,779,742,467,212,255,765,319,446
48005,Texas,Angelina County,11923,6081,5842,17727,8918,8809,16276,7909,8367,20964,10429,10535,9730,4621,5109,3922,1723,2199,6332,2688,3644
48007,Texas,Aransas County,2329,1237,1092,3537,1844,1693,3486,1772,1714,5600,2688,2912,4038,1925,2113,1791,887,904,2972,1417,1555
48009,Texas,Archer County,996,497,499,1529,783,746,1454,748,706,2236,1100,1136,1240,571,669,463,234,229,813,366,447
48011,Texas,Armstrong County,237,122,115,310,149,161,298,145,153,436,211,225,296,155,141,123,62,61,173,67,106
48013,Texas,Atascosa County,7584,3888,3696,11015,5610,5405,9950,5053,4897,12381,6183,6198,5401,2637,2764,2080,996,1084,3233,1404,1829
48015,Texas,Austin County,3709,1909,1800,5707,2874,2833,5092,2566,2526,7169,3569,3600,4166,2057,2109,1606,782,824,2609,1179,1430
48017,Texas,Bailey County,1083,556,527,1585,788,797,1187,585,602,1473,744,729,706,365,341,245,119,126,477,214,263
48019,Texas,Bandera County,2051,1052,999,3239,1683,1556,3131,1607,1524,6109,2932,3177,4615,2182,2433,1922,987,935,2665,1309,1356
48021,Texas,Bastrop County,12213,6156,6057,18622,9647,8975,16954,8970,7984,22680,11658,11022,11315,5635,5680,4047,1979,2068,5155,2263,2892
48023,Texas,Baylor County,438,230,208,599,326,273,577,279,298,806,397,409,495,247,248,188,77,111,428,179,249
48025,Texas,Bee County,3625,1854,1771,6766,4040,2726,8356,5935,2421,8029,5187,2842,2910,1480,1430,1095,539,556,1798,768,1030
48027,Texas,Bell County,59018,29805,29213,83613,44249,39364,86552,43742,42810,79757,38527,41230,31346,14542,16804,11583,5308,6275,16713,7105,9608
48029,Texas,Bexar County,280392,142894,137498,433247,221538,211709,471829,241309,230520,481652,235600,246052,185272,85678,99594,67958,30435,37523,101810,41307,60503
48031,Texas,Blanco County,1017,524,493,1946,1039,907,1706,890,816,3220,1593,1627,2229,1067,1162,920,454,466,1179,551,628
48033,Texas,Borden County,64,37,27,123,61,62,95,49,46,193,101,92,93,49,44,41,20,21,91,47,44
48035,Texas,Bosque County,1986,1015,971,3175,1642,1533,2836,1383,1453,4357,2122,2235,2884,1415,1469,1275,615,660,2122,958,1164
48037,Texas,Bowie County,12091,6102,5989,17788,9361,8427,18975,10140,8835,22941,11670,11271,10619,5005,5614,4331,2018,2313,6826,2717,4109
48039,Texas,Brazoria County,52771,27091,25680,76929,39695,37234,82098,42019,40079,99462,50607,48855,37472,18430,19042,12759,6024,6735,17826,7583,10243
48041,Texas,Brazos County,27141,13728,13413,78619,40720,37899,50979,26174,24805,42868,21129,21739,17387,8348,9039,5815,2728,3087,9130,3803,5327
48043,Texas,Brewster County,925,489,436,1449,768,681,1752,945,807,2237,1115,1122,1349,663,686,616,314,302,920,429,491
48045,Texas,Briscoe County,166,83,83,227,121,106,246,134,112,380,179,201,192,95,97,102,52,50,192,94,98
48047,Texas,Brooks County,1133,593,540,1442,775,667,1328,743,585,1442,731,711,748,354,394,328,149,179,598,234,364
48049,Texas,Brown County,3989,2055,1934,7275,3736,3539,6680,3356,3324,9283,4619,4664,4952,2361,2591,2106,1036,1070,3419,1505,1914
48051,Texas,Burleson County,2189,1093,1096,3134,1624,1510,3158,1530,1628,4552,2255,2297,2788,1356,1432,1058,528,530,1640,762,878
48053,Texas,Burnet County,5378,2777,2601,8554,4375,4179,8119,3986,4133,11792,5711,6081,7714,3667,4047,3179,1531,1648,4636,2122,2514
48055,Texas,Caldwell County,5332,2695,2637,9734,5338,4396,8931,4581,4350,10630,5264,5366,4900,2399,2501,1776,869,907,2627,1095,1532
48057,Texas,Calhoun County,2711,1365,1346,4116,2176,1940,3927,2102,1825,4978,2544,2434,2668,1335,1333,1007,521,486,1692,786,906
48059,Texas,Callahan County,1587,810,777,2362,1226,1136,2429,1211,1218,3595,1758,1837,2038,971,1067,795,376,419,1283,600,683
48061,Texas,Cameron County,68229,34846,33383,102873,52605,50268,78372,39501,38871,94706,44620,50086,38295,17446,20849,15406,7036,8370,26293,11176,15117
48063,Texas,Camp County,1879,942,937,2644,1310,1334,2249,1089,1160,2939,1378,1561,1665,810,855,704,343,361,998,472,526
48065,Texas,Carson County,669,360,309,1098,556,542,1026,515,511,1428,719,709,828,420,408,300,130,170,517,241,276
48067,Texas,Cass County,3528,1824,1704,5308,2728,2580,4665,2210,2455,7342,3501,3841,4166,2011,2155,1815,876,939,3132,1330,1802
48069,Texas,Castro County,1138,612,526,1740,877,863,1283,655,628,1562,821,741,874,458,416,276,135,141,564,264,300
48071,Texas,Chambers County,6757,3402,3355,9740,5051,4689,9586,4812,4774,11394,5808,5586,4274,2171,2103,1509,728,781,1912,832,1080
48073,Texas,Cherokee County,7321,3749,3572,10935,5943,4992,9317,4847,4470,12609,6547,6062,6161,2973,3188,2505,1166,1339,3996,1779,2217
48075,Texas,Childress County,657,341,316,1640,1110,530,1942,1449,493,1441,785,656,708,348,360,273,119,154,514,218,296
48077,Texas,Clay County,1017,498,519,1749,905,844,1646,835,811,2718,1348,1370,1716,866,850,635,308,327,1064,503,561
48079,Texas,Cochran County,407,215,192,594,287,307,577,299,278,682,353,329,288,141,147,110,56,54,224,103,121
48081,Texas,Coke County,387,212,175,558,251,307,531,277,254,740,362,378,491,253,238,213,98,115,416,194,222
48083,Texas,Coleman County,879,461,418,1310,683,627,1141,583,558,1949,970,979,1333,664,669,600,282,318,906,440,466
48085,Texas,Collin County,138874,70701,68173,219491,111957,107534,220192,108305,111887,310347,153945,156402,94605,45002,49603,33763,15175,18588,46251,19602,26649
48087,Texas,Collingsworth County,411,204,207,569,278,291,538,276,262,625,303,322,368,181,187,131,59,72,251,110,141
48089,Texas,Colorado County,2840,1408,1432,3903,2031,1872,3500,1861,1639,4846,2434,2412,3160,1534,1626,1200,584,616,2158,956,1202
48091,Texas,Comal County,19089,9713,9376,29276,14949,14327,29149,14551,14598,43024,21255,21769,22531,10859,11672,8382,4057,4325,11354,5074,6280
48093,Texas,Comanche County,1587,843,744,2498,1294,1204,2084,1050,1034,3304,1634,1670,1879,967,912,887,416,471,1508,690,818
48095,Texas,Concho County,245,136,109,431,209,222,438,258,180,705,413,292,435,213,222,211,106,105,349,174,175
48097,Texas,Cooke County,5394,2778,2616,7682,4018,3664,7488,3762,3726,9857,4821,5036,5513,2685,2828,2100,1001,1099,3284,1447,1837
48099,Texas,Coryell County,10232,5200,5032,16769,9510,7259,21167,10734,10433,17062,7870,9192,5943,2712,3231,2200,963,1237,3356,1375,1981
48101,Texas,Cottle County,148,77,71,240,129,111,204,103,101,327,150,177,207,106,101,91,43,48,155,64,91
48103,Texas,Crane County,726,366,360,1114,562,552,961,516,445,1141,584,557,447,231,216,148,68,80,250,100,150
48105,Texas,Crockett County,465,237,228,681,335,346,610,307,303,852,446,406,463,238,225,157,73,84,281,127,154
48107,Texas,Crosby County,734,372,362,1171,602,569,981,510,471,1287,618,669,709,367,342,251,126,125,480,203,277
48109,Texas,Culberson County,271,142,129,402,212,190,406,220,186,477,228,249,266,121,145,119,51,68,209,94,115
48111,Texas,Dallam County,1394,699,695,1571,857,714,1486,795,691,1638,876,762,635,335,300,213,104,109,343,147,196
48113,Texas,Dallas County,376306,192052,184254,550616,278506,272110,630737,317404,313333,645372,317762,327610,241215,114315,126900,78678,35228,43450,114819,45810,69009
48115,Texas,Dawson County,1840,943,897,2808,1626,1182,2999,1979,1020,2794,1521,1273,1215,586,629,447,197,250,891,356,535
48117,Texas,Deaf Smith County,3141,1590,1551,4379,2238,2141,3538,1805,1733,3978,1991,1987,1716,834,882,577,282,295,1042,443,599
48119,Texas,Delta County,709,348,361,893,453,440,917,455,462,1290,647,643,726,362,364,317,153,164,502,226,276
48121,Texas,Denton County,115051,59031,56020,187764,93930,93834,205045,100860,104185,257134,127408,129726,82245,38868,43377,28360,12897,15463,36576,15470,21106
48123,Texas,DeWitt County,2494,1284,1210,3470,1815,1655,3661,2105,1556,5093,2905,2188,2552,1255,1297,1016,496,520,1888,720,1168
48125,Texas,Dickens County,182,69,113,379,242,137,415,301,114,508,276,232,300,150,150,126,47,79,244,112,132
48127,Texas,Dimmit County,1523,783,740,2221,1071,1150,1779,896,883,2228,1095,1133,995,473,522,472,210,262,763,339,424
48129,Texas,Donley County,331,181,150,741,386,355,450,225,225,728,353,375,470,220,250,221,93,128,364,150,214
48131,Texas,Duval County,1610,796,814,2340,1246,1094,2098,1172,926,2449,1279,1170,1094,537,557,482,223,259,1023,449,574
48133,Texas,Eastland County,2068,1045,1023,3612,1919,1693,2960,1518,1442,4203,2060,2143,2610,1299,1311,1063,509,554,1856,833,1023
48135,Texas,Ector County,29580,15124,14456,37988,19420,18568,40357,21615,18742,35918,18439,17479,12980,6346,6634,4099,1919,2180,6509,2601,3908
48137,Texas,Edwards County,242,126,116,295,161,134,251,142,109,446,222,224,313,162,151,152,95,57,228,115,113
48139,Texas,Ellis County,26356,13562,12794,40281,20788,19493,38055,18662,19393,49141,24158,24983,19822,9516,10306,6924,3217,3707,9542,3950,5592
48141,Texas,El Paso County,123857,63086,60771,193779,101067,92712,184626,96261,88365,189534,90678,98856,76256,34722,41534,27230,12287,14943,45733,18041,27692
48143,Texas,Erath County,4948,2504,2444,12667,6159,6508,7848,3926,3922,8910,4402,4508,4366,2130,2236,1716,802,914,2634,1139,1495
48145,Texas,Falls County,2063,1024,1039,3034,1585,1449,3616,1575,2041,4231,1918,2313,2077,1024,1053,831,402,429,1441,658,783
48147,Texas,Fannin County,3856,1983,1873,6577,3666,2911,6939,3994,2945,9324,4956,4368,4440,2211,2229,1822,915,907,2894,1293,1601
48149,Texas,Fayette County,2648,1334,1314,4205,2126,2079,3886,1911,1975,5911,2955,2956,4107,2016,2091,1696,841,855,3057,1339,1718
48151,Texas,Fisher County,443,218,225,620,329,291,643,322,321,880,458,422,560,281,279,221,112,109,436,183,253
48153,Texas,Floyd County,741,352,389,1198,629,569,994,499,495,1282,645,637,678,362,316,255,111,144,549,252,297
48155,Texas,Foard County,109,51,58,182,79,103,163,82,81,273,136,137,156,82,74,66,29,37,183,71,112
48157,Texas,Fort Bend County,118214,60158,58056,176787,90189,86598,161918,77537,84381,230399,112623,117776,84877,40671,44206,27754,13104,14650,33725,14614,19111
48159,Texas,Franklin County,1266,651,615,1989,1006,983,1761,886,875,2592,1293,1299,1537,765,772,647,313,334,1012,460,552
48161,Texas,Freestone County,2371,1184,1187,3500,1799,1701,3460,1940,1520,5117,2880,2237,2560,1261,1299,1094,519,575,1774,759,1015
48163,Texas,Frio County,2600,1321,1279,4805,2960,1845,5413,3938,1475,4186,2354,1832,1569,765,804,707,329,378,1088,450,638
48165,Texas,Gaines County,4446,2289,2157,5594,2773,2821,4357,2283,2074,4602,2329,2273,1653,857,796,477,240,237,777,331,446
48167,Texas,Galveston County,43878,22341,21537,67515,34488,33027,69041,33919,35122,89377,43449,45928,40979,19865,21114,13911,6586,7325,19707,8331,11376
48169,Texas,Garza County,515,255,260,1344,963,381,1665,1239,426,1704,1152,552,471,240,231,170,75,95,370,175,195
48171,Texas,Gillespie County,2800,1402,1398,4295,2265,2030,3705,1847,1858,5911,2807,3104,4437,2070,2367,2048,969,1079,3794,1752,2042
48173,Texas,Glasscock County,195,99,96,281,148,133,306,191,115,345,174,171,149,78,71,70,48,22,87,47,40
48175,Texas,Goliad County,800,372,428,1322,700,622,1214,603,611,1829,903,926,1222,592,630,483,250,233,761,346,415
48177,Texas,Gonzales County,3007,1574,1433,4407,2323,2084,3682,1849,1833,4867,2402,2465,2468,1263,1205,921,452,469,1625,707,918
48179,Texas,Gray County,2876,1553,1323,4186,2192,1994,4404,2538,1866,5378,3159,2219,2339,1157,1182,870,401,469,1672,723,949
48181,Texas,Grayson County,17686,9123,8563,26629,13473,13156,25252,12379,12873,33539,16362,17177,17453,8257,9196,6928,3235,3693,10376,4367,6009
48183,Texas,Gregg County,17583,8912,8671,25906,13449,12457,24988,12298,12690,28518,13759,14759,13808,6540,7268,4997,2216,2781,8490,3340,5150
48185,Texas,Grimes County,3489,1750,1739,5363,2918,2445,5649,3330,2319,7454,4238,3216,3924,2045,1879,1450,749,701,2139,1001,1138
48187,Texas,Guadalupe County,22028,11173,10855,34417,17630,16787,34588,17436,17152,44733,22133,22600,17382,8209,9173,6713,3161,3552,9960,4315,5645
48189,Texas,Hale County,4588,2307,2281,7889,4224,3665,6758,3802,2956,7306,3826,3480,3181,1555,1626,1096,525,571,2043,871,1172
48191,Texas,Hall County,293,141,152,569,298,271,427,221,206,699,341,358,408,192,216,186,86,100,367,181,186
48193,Texas,Hamilton County,980,523,457,1441,767,674,1402,725,677,1907,937,970,1206,572,634,547,266,281,1069,466,603
48195,Texas,Hansford County,810,436,374,1227,631,596,913,467,446,1235,632,603,542,272,270,190,89,101,380,152,228
48197,Texas,Hardeman County,424,213,211,752,424,328,680,340,340,954,464,490,554,270,284,210,95,115,421,193,228
48199,Texas,Hardin County,7634,3921,3713,10962,5591,5371,11136,5506,5630,14410,7137,7273,7223,3445,3778,2710,1287,1423,4149,1682,2467
48201,Texas,Harris County,690980,350725,340255,992128,504783,487345,1109346,559770,549576,1172038,581396,590642,432403,206171,226232,140894,64587,76307,196603,80736,115867
48203,Texas,Harrison County,8566,4350,4216,13504,6940,6564,12005,5843,6162,16087,7858,8229,8181,3951,4230,3303,1569,1734,4799,2022,2777
48205,Texas,Hartley County,612,311,301,924,489,435,1193,849,344,1608,1107,501,511,263,248,205,105,100,406,178,228
48207,Texas,Haskell County,499,249,250,1028,574,454,1137,687,450,1324,688,636,788,394,394,335,157,178,615,270,345
48209,Texas,Hays County,29600,15199,14401,62314,30757,31557,51692,26528,25164,55388,27595,27793,22300,10554,11746,7824,3741,4083,9651,4135,5516
48211,Texas,Hemphill County,536,299,237,911,445,466,622,310,312,923,464,459,379,188,191,164,78,86,253,102,151
48213,Texas,Henderson County,9439,4922,4517,14785,7731,7054,13847,6810,7037,20134,9700,10434,12194,5733,6461,5097,2425,2672,8126,3653,4473
48215,Texas,Hidalgo County,154909,79122,75787,219991,110887,109104,173700,87473,86227,190277,90894,99383,64219,29303,34916,26145,11841,14304,44699,19098,25601
48217,Texas,Hill County,4461,2348,2113,7059,3580,3479,6349,3193,3156,8730,4323,4407,4887,2381,2506,2070,1008,1062,3363,1530,1833
48219,Texas,Hockley County,3177,1644,1533,5342,2717,2625,4576,2370,2206,5051,2420,2631,2466,1251,1215,865,392,473,1497,617,880
48221,Texas,Hood County,6904,3561,3343,10200,5195,5005,10135,5002,5133,14608,7074,7534,10015,4697,5318,4309,2063,2246,6971,3204,3767
48223,Texas,Hopkins County,4791,2436,2355,7194,3705,3489,6766,3384,3382,9023,4401,4622,4500,2171,2329,1868,841,1027,3039,1324,1715
48225,Texas,Houston County,2362,1190,1172,3608,1921,1687,4109,2429,1680,5935,3462,2473,3105,1476,1629,1323,639,684,2431,1114,1317
48227,Texas,Howard County,4490,2339,2151,6931,3995,2936,8457,5014,3443,10030,6400,3630,3596,1859,1737,1125,532,593,1979,867,1112
48229,Texas,Hudspeth County,549,261,288,861,447,414,1368,796,572,1128,609,519,485,233,252,193,98,95,331,182,149
48231,Texas,Hunt County,12656,6464,6192,20747,10567,10180,18647,9265,9382,24908,12180,12728,11643,5664,5979,4267,2001,2266,6702,2897,3805
48233,Texas,Hutchinson County,2739,1415,1324,4149,2082,2067,3853,2029,1824,4924,2507,2417,2643,1335,1308,903,448,455,1517,679,838
48235,Texas,Irion County,190,83,107,256,144,112,284,147,137,372,204,168,225,106,119,85,46,39,160,75,85
48237,Texas,Jack County,1020,529,491,1802,1066,736,1866,1186,680,2240,1251,989,1011,515,496,404,184,220,684,318,366
48239,Texas,Jackson County,2051,982,1069,2926,1495,1431,2767,1450,1317,3323,1663,1660,1882,944,938,631,319,312,1265,531,734
48241,Texas,Jasper County,4315,2178,2137,6569,3448,3121,6073,3084,2989,8637,4250,4387,4780,2298,2482,1973,919,1054,3115,1390,1725
48243,Texas,Jeff Davis County,40,16,24,182,102,80,301,152,149,623,297,326,537,277,260,221,116,105,326,162,164
48245,Texas,Jefferson County,34253,17605,16648,49575,25579,23996,53664,29515,24149,60164,31487,28677,27686,13409,14277,9490,4436,5054,15752,6332,9420
48247,Texas,Jim Hogg County,803,417,386,1216,653,563,886,473,413,1105,559,546,511,260,251,257,111,146,397,171,226
48249,Texas,Jim Wells County,5979,3016,2963,8687,4588,4099,7914,4043,3871,9089,4357,4732,4292,2068,2224,1752,844,908,2791,1158,1633
48251,Texas,Johnson County,24266,12438,11828,37037,19085,17952,35782,18125,17657,44992,22637,22355,19289,9316,9973,7103,3248,3855,10303,4397,5906
48253,Texas,Jones County,1868,942,926,3554,2249,1305,4967,3703,1264,5179,3401,1778,2107,1077,1030,831,435,396,1373,609,764
48255,Texas,Karnes County,1815,941,874,3186,1857,1329,3874,2629,1245,3525,2097,1428,1577,785,792,554,264,290,1000,419,581
48257,Texas,Kaufman County,21335,11022,10313,29905,15190,14715,30346,14630,15716,35750,17694,18056,13465,6468,6997,4516,2142,2374,6268,2608,3660
48259,Texas,Kendall County,5300,2672,2628,9439,4845,4594,7592,3742,3850,13057,6382,6675,6336,3068,3268,2572,1252,1320,3972,1714,2258
48261,Texas,Kenedy County,28,18,10,77,39,38,69,37,32,97,53,44,46,26,20,31,16,15,34,12,22
48263,Texas,Kent County,102,57,45,134,71,63,111,55,56,173,93,80,105,60,45,45,20,25,109,35,74
48265,Texas,Kerr County,5378,2739,2639,8804,4493,4311,8200,4011,4189,11411,5419,5992,8096,3763,4333,3967,1870,2097,6939,3143,3796
48267,Texas,Kimble County,421,208,213,652,319,333,635,336,299,1004,484,520,718,346,372,378,182,196,576,269,307
48269,Texas,King County,38,21,17,53,25,28,45,23,22,72,35,37,37,25,12,11,8,3,26,11,15
48271,Texas,Kinney County,363,174,189,668,394,274,690,460,230,799,434,365,441,214,227,234,116,118,477,236,241
48273,Texas,Kleberg County,4019,2090,1929,9339,4802,4537,6013,3239,2774,5604,2803,2801,2457,1193,1264,1083,505,578,1893,792,1101
48275,Texas,Knox County,528,281,247,699,346,353,633,310,323,790,417,373,487,249,238,173,82,91,369,131,238
48277,Texas,Lamar County,6638,3399,3239,9220,4643,4577,9030,4399,4631,12070,5796,6274,6059,2887,3172,2617,1187,1430,4269,1738,2531
48279,Texas,Lamb County,1855,916,939,2754,1455,1299,2219,1116,1103,2919,1424,1495,1445,723,722,506,238,268,1063,457,606
48281,Texas,Lampasas County,2369,1193,1176,3919,1997,1922,3523,1785,1738,5799,2892,2907,3007,1416,1591,1215,584,631,1853,851,1002
48283,Texas,La Salle County,823,439,384,1892,1299,593,1814,1194,620,1624,893,731,595,272,323,292,142,150,477,201,276
48285,Texas,Lavaca County,2448,1248,1200,3761,1919,1842,3102,1514,1588,4608,2335,2273,2833,1353,1480,1221,582,639,2232,931,1301
48287,Texas,Lee County,2025,1034,991,3060,1692,1368,3079,1520,1559,4429,2193,2236,2523,1292,1231,889,436,453,1391,606,785
48289,Texas,Leon County,2125,1140,985,2979,1512,1467,2608,1308,1300,3965,1961,2004,2681,1313,1368,1176,548,628,1947,894,1053
48291,Texas,Liberty County,13891,7168,6723,19340,9811,9529,18706,9105,9601,22138,10878,11260,9212,4544,4668,3222,1546,1676,4316,1818,2498
48293,Texas,Limestone County,2837,1417,1420,4252,2347,1905,4386,2434,1952,5498,2819,2679,3152,1484,1668,1232,592,640,2024,892,1132
48295,Texas,Lipscomb County,375,194,181,644,319,325,572,337,235,727,371,356,416,212,204,140,74,66,268,103,165
48297,Texas,Live Oak County,1397,735,662,1986,1083,903,2536,1628,908,2883,1573,1310,1615,811,804,661,328,333,1231,608,623
48299,Texas,Llano County,1760,931,829,2648,1365,1283,2532,1265,1267,4641,2214,2427,4451,2029,2422,2187,1043,1144,3728,1804,1924
48301,Texas,Loving County,28,16,12,41,21,20,43,25,18,32,17,15,20,14,6,3,2,1,5,2,3
48303,Texas,Lubbock County,40608,20681,19927,85817,43602,42215,66298,33563,32735,64747,31356,33391,29379,13793,15586,10191,4612,5579,16994,6893,10101
48305,Texas,Lynn County,869,465,404,1220,652,568,1178,634,544,1353,689,664,674,354,320,250,124,126,473,210,263
48307,Texas,McCulloch County,891,474,417,1421,752,669,1299,672,627,1811,896,915,1128,534,594,511,242,269,816,370,446
48309,Texas,McLennan County,35169,17985,17184,64758,32795,31963,50251,24792,25459,55924,26943,28981,26556,12564,13992,9990,4564,5426,16555,6709,9846
48311,Texas,McMullen County,76,38,38,117,59,58,108,57,51,186,104,82,101,55,46,32,15,17,109,52,57
48313,Texas,Madison County,1639,828,811,3124,1848,1276,3499,2425,1074,3126,1709,1417,1392,667,725,608,290,318,1026,446,580
48315,Texas,Marion County,922,483,439,1480,762,718,1467,713,754,2484,1162,1322,1688,817,871,775,383,392,1106,532,574
48317,Texas,Martin County,1015,530,485,1315,669,646,1189,606,583,1301,654,647,517,254,263,173,75,98,283,129,154
48319,Texas,Mason County,443,252,191,694,377,317,592,322,270,968,468,500,669,332,337,337,163,174,620,289,331
48321,Texas,Matagorda County,5345,2737,2608,7154,3708,3446,6920,3532,3388,8430,4083,4347,4568,2322,2246,1675,843,832,2642,1169,1473
48323,Texas,Maverick County,10332,5308,5024,14417,7537,6880,11722,6208,5514,12447,5950,6497,4728,2166,2562,1807,830,977,2964,1282,1682
48325,Texas,Medina County,6267,3201,3066,10680,5830,4850,9432,5041,4391,13323,6869,6454,6352,3111,3241,2476,1244,1232,3663,1635,2028
48327,Texas,Menard County,196,108,88,321,172,149,277,146,131,449,202,247,359,171,188,171,86,85,343,176,167
48329,Texas,Midland County,30395,15621,14774,36213,18548,17665,46006,24291,21715,38086,19439,18647,15047,7363,7684,4297,1975,2322,7551,2962,4589
48331,Texas,Milam County,2904,1492,1412,4805,2581,2224,4017,1995,2022,5894,2835,3059,3450,1662,1788,1373,679,694,2283,1002,1281
48333,Texas,Mills County,444,247,197,901,484,417,599,287,312,1164,571,593,744,357,387,339,166,173,650,313,337
48335,Texas,Mitchell County,996,509,487,1686,1079,607,1932,1351,581,1878,1109,769,866,405,461,306,152,154,524,215,309
48337,Texas,Montague County,2341,1135,1206,3546,1814,1732,3265,1615,1650,4788,2408,2380,2749,1334,1415,1238,585,653,2007,919,1088
48339,Texas,Montgomery County,85814,43571,42243,126873,64603,62270,122859,61048,61811,164541,81552,82989,66127,32038,34089,23678,11179,12499,32061,13674,18387
48341,Texas,Moore County,3691,1834,1857,4752,2536,2216,4243,2309,1934,4567,2433,2134,1872,912,960,595,291,304,987,445,542
48343,Texas,Morris County,1498,792,706,2245,1140,1105,2073,1017,1056,2872,1336,1536,1798,835,963,682,308,374,1216,542,674
48345,Texas,Motley County,116,59,57,206,107,99,163,87,76,247,134,113,201,88,113,83,47,36,173,80,93
48347,Texas,Nacogdoches County,8319,4257,4062,18591,8783,9808,11078,5481,5597,13106,6315,6791,6963,3304,3659,2643,1262,1381,4102,1655,2447
48349,Texas,Navarro County,7389,3734,3655,10407,5400,5007,8833,4269,4564,11967,5860,6107,5983,2859,3124,2328,1136,1192,3632,1519,2113
48351,Texas,Newton County,1332,680,652,2378,1289,1089,2359,1349,1010,3404,1738,1666,1970,960,1010,767,374,393,1278,586,692
48353,Texas,Nolan County,2016,999,1017,3156,1728,1428,2548,1290,1258,3423,1697,1726,1728,822,906,709,342,367,1239,520,719
48355,Texas,Nueces County,47961,24642,23319,76092,38634,37458,76397,39040,37357,86111,42199,43912,39448,18869,20579,14555,6810,7745,22632,9233,13399
48357,Texas,Ochiltree County,1602,785,817,2325,1169,1156,1853,929,924,2207,1140,1067,911,455,456,302,156,146,448,188,260
48359,Texas,Oldham County,152,74,78,470,300,170,419,202,217,597,303,294,254,122,132,98,53,45,136,60,76
48361,Texas,Orange County,11300,5822,5478,15890,8169,7721,16369,8169,8200,20545,10169,10376,9760,4720,5040,3418,1602,1816,5671,2390,3281
48363,Texas,Palo Pinto County,3695,1927,1768,5439,2777,2662,5088,2498,2590,6991,3351,3640,3922,1863,2059,1661,828,833,2484,1120,1364
48365,Texas,Panola County,2775,1419,1356,4445,2306,2139,4090,2118,1972,5519,2664,2855,3212,1543,1669,1193,595,598,1936,842,1094
48367,Texas,Parker County,19129,10002,9127,28205,14490,13715,27182,13404,13778,39245,19545,19700,17803,8643,9160,6417,3092,3325,9006,4098,4908
48369,Texas,Parmer County,1409,737,672,2116,1113,1003,1792,971,821,2247,1131,1116,986,525,461,344,165,179,631,280,351
48371,Texas,Pecos County,2125,1052,1073,3115,1678,1437,3686,2292,1394,3896,2393,1503,1479,776,703,548,286,262,876,421,455
48373,Texas,Polk County,5641,2843,2798,8660,4785,3875,9502,5645,3857,13672,7317,6355,9249,4610,4639,2982,1598,1384,2854,1452,1402
48375,Texas,Potter County,17543,8930,8613,24392,12382,12010,25217,13552,11665,27233,14588,12645,11481,5645,5836,3917,1795,2122,6488,2678,3810
48377,Texas,Presidio County,1015,513,502,1266,684,582,1057,534,523,1317,627,690,616,306,310,410,218,192,847,414,433
48379,Texas,Rains County,1332,712,620,1942,1038,904,1945,952,993,3034,1492,1542,2098,999,1099,896,456,440,1274,614,660
48381,Texas,Randall County,17955,9078,8877,28990,14744,14246,30300,15198,15102,32127,15809,16318,15526,7307,8219,5689,2688,3001,8843,3630,5213
48383,Texas,Reagan County,624,314,310,851,449,402,773,441,332,951,528,423,357,176,181,110,58,52,166,86,80
48385,Texas,Real County,319,182,137,442,225,217,467,230,237,780,386,394,662,322,340,285,133,152,472,237,235
48387,Texas,Red River County,1263,638,625,1868,970,898,1871,934,937,2971,1423,1548,1844,876,968,782,367,415,1424,634,790
48389,Texas,Reeves County,1985,999,986,3484,2174,1310,4261,3029,1232,3701,2355,1346,1203,621,582,461,218,243,845,352,493
48391,Texas,Refugio County,813,391,422,1251,653,598,1131,571,560,1634,799,835,886,461,425,410,176,234,735,326,409
48393,Texas,Roberts County,93,40,53,150,74,76,151,76,75,188,99,89,109,53,56,48,26,22,78,30,48
48395,Texas,Robertson County,2174,1122,1052,3066,1575,1491,3110,1537,1573,4040,1929,2111,2316,1130,1186,939,475,464,1503,631,872
48397,Texas,Rockwall County,14629,7550,7079,23113,11771,11342,20363,10011,10352,30466,15193,15273,11029,5253,5776,3754,1749,2005,5326,2183,3143
48399,Texas,Runnels County,1247,676,571,2026,1051,975,1773,901,872,2468,1245,1223,1312,685,627,530,257,273,1015,453,562
48401,Texas,Rusk County,6288,3254,3034,10397,5696,4701,10914,6387,4527,13895,7750,6145,6498,3194,3304,2481,1176,1305,3895,1716,2179
48403,Texas,Sabine County,964,498,466,1524,744,780,1403,695,708,2421,1183,1238,1812,929,883,871,429,442,1511,724,787
48405,Texas,San Augustine County,883,448,435,1234,647,587,1230,607,623,1942,949,993,1320,682,638,561,277,284,1067,466,601
48407,Texas,San Jacinto County,3225,1655,1570,5054,2629,2425,4635,2264,2371,7122,3517,3605,4647,2292,2355,1824,890,934,2690,1336,1354
48409,Texas,San Patricio County,9557,4957,4600,13856,7169,6687,13587,7021,6566,15985,8034,7951,6999,3464,3535,2762,1285,1477,4223,1836,2387
48411,Texas,San Saba County,659,328,331,1119,682,437,1185,783,402,1231,609,622,799,388,411,377,189,188,658,289,369
48413,Texas,Schleicher County,287,140,147,605,297,308,506,259,247,648,319,329,340,175,165,154,83,71,224,104,120
48415,Texas,Scurry County,2298,1140,1158,3446,1904,1542,3436,2029,1407,4005,2300,1705,1743,906,837,601,282,319,1125,434,691
48417,Texas,Shackelford County,365,190,175,613,311,302,532,259,273,803,389,414,473,234,239,197,94,103,315,144,171
48419,Texas,Shelby County,3496,1757,1739,4994,2610,2384,4365,2173,2192,5949,2942,3007,3055,1469,1586,1186,588,598,1989,875,1114
48421,Texas,Sherman County,409,200,209,667,385,282,535,275,260,728,375,353,337,191,146,112,49,63,237,111,126
48423,Texas,Smith County,31405,16039,15366,48415,24424,23991,46892,22681,24211,53894,25855,28039,26680,12480,14200,10410,4720,5690,17521,7414,10107
48425,Texas,Somervell County,964,483,481,1693,865,828,1553,768,785,2425,1176,1249,1267,652,615,491,237,254,734,326,408
48427,Texas,Starr County,12291,6170,6121,15898,7957,7941,12593,6509,6084,13572,6423,7149,4689,2083,2606,2002,857,1145,3268,1391,1877
48429,Texas,Stephens County,1059,558,501,1809,1048,761,1736,990,746,2171,1141,1030,1224,574,650,478,236,242,858,374,484
48431,Texas,Sterling County,181,88,93,296,149,147,249,136,113,295,147,148,147,74,73,50,26,24,88,31,57
48433,Texas,Stonewall County,158,87,71,227,117,110,193,92,101,317,163,154,189,94,95,88,37,51,180,75,105
48435,Texas,Sutton County,482,249,233,724,366,358,623,337,286,938,475,463,503,246,257,188,99,89,300,146,154
48437,Texas,Swisher County,919,478,441,1600,890,710,1431,840,591,1641,886,755,785,390,395,323,150,173,632,271,361
48439,Texas,Tarrant County,293838,149548,144290,452695,228091,224604,469300,230875,238425,536910,261065,275845,201647,95696,105951,67761,30800,36961,96983,39287,57696
48441,Texas,Taylor County,19793,10034,9759,33978,17075,16903,29496,14885,14611,27686,13414,14272,13510,6305,7205,5164,2290,2874,9371,3720,5651
48443,Texas,Terrell County,72,39,33,99,48,51,100,46,54,166,89,77,102,51,51,66,35,31,112,52,60
48445,Texas,Terry County,1861,969,892,2674,1443,1231,2473,1479,994,2673,1432,1241,1252,600,652,461,212,249,831,341,490
48447,Texas,Throckmorton County,157,71,86,231,128,103,222,109,113,335,151,184,221,115,106,86,43,43,223,99,124
48449,Texas,Titus County,5037,2540,2497,7608,3808,3800,5877,2836,3041,7742,3836,3906,3300,1592,1708,1315,619,696,2007,854,1153
48451,Texas,Tom Green County,15844,8133,7711,26483,13815,12668,26457,13761,12696,25198,12332,12866,12842,6043,6799,4863,2277,2586,8232,3499,4733
48453,Texas,Travis County,152147,77860,74287,235509,118814,116695,374194,194703,179491,333835,170496,163339,114832,54940,59892,36757,17324,19433,47209,19758,27451
48455,Texas,Trinity County,1553,819,734,2281,1155,1126,2186,1046,1140,3538,1667,1871,2423,1076,1347,1115,580,535,1732,824,908
48457,Texas,Tyler County,2148,1081,1067,3768,2123,1645,4123,2662,1461,5004,2574,2430,2994,1488,1506,1276,583,693,2249,1025,1224
48459,Texas,Upshur County,5189,2589,2600,7925,4186,3739,7393,3582,3811,10415,5092,5323,5657,2775,2882,2160,1005,1155,3300,1446,1854
48461,Texas,Upton County,538,274,264,769,378,391,718,378,340,805,393,412,419,212,207,123,67,56,250,116,134
48463,Texas,Uvalde County,3948,1973,1975,5978,3082,2896,5108,2596,2512,5795,2811,2984,2607,1248,1359,1288,560,728,2029,885,1144
48465,Texas,Val Verde County,7971,4034,3937,11216,5986,5230,10436,5732,4704,10378,5213,5165,3937,1789,2148,1824,864,960,3269,1434,1835
48467,Texas,Van Zandt County,6867,3527,3340,10553,5305,5248,9407,4692,4715,14459,7042,7417,7798,3682,4116,3146,1462,1684,5097,2291,2806
48469,Texas,Victoria County,12656,6478,6178,19013,9645,9368,18795,9490,9305,20513,9945,10568,10305,4910,5395,4074,1876,2198,6619,2754,3865
48471,Texas,Walker County,5960,3123,2837,18419,9211,9208,15334,10124,5210,18352,12102,6250,7222,3772,3450,2674,1354,1320,4100,1788,2312
48473,Texas,Waller County,7392,3756,3636,17692,8646,9046,9673,4932,4741,12143,6066,6077,5519,2793,2726,1823,843,980,2687,1231,1456
48475,Texas,Ward County,1981,1007,974,2587,1327,1260,2564,1352,1212,2642,1383,1259,1124,540,584,419,184,235,731,307,424
48477,Texas,Washington County,4101,2094,2007,7454,3868,3586,5542,2714,2828,7969,3911,4058,4968,2381,2587,1953,914,1039,3755,1572,2183
48479,Texas,Webb County,50370,25752,24618,70380,35406,34974,55500,28462,27038,62438,29981,32457,20333,9352,10981,7234,3315,3919,11312,4508,6804
48481,Texas,Wharton County,5856,2995,2861,8591,4319,4272,7720,3922,3798,9488,4665,4823,5000,2439,2561,1814,861,953,3215,1322,1893
48483,Texas,Wheeler County,649,333,316,907,487,420,890,444,446,1136,555,581,665,334,331,267,129,138,438,196,242
48485,Texas,Wichita County,16880,8554,8326,30529,17292,13237,28430,15359,13071,28954,14895,14059,14471,6993,7478,4934,2264,2670,8838,3424,5414
48487,Texas,Wilbarger County,1483,776,707,2398,1247,1151,2498,1221,1277,2993,1475,1518,1575,774,801,576,280,296,1056,425,631
48489,Texas,Willacy County,2695,1343,1352,4971,2918,2053,5006,3237,1769,4480,2393,2087,1912,887,1025,762,360,402,1360,582,778
48491,Texas,Williamson County,81620,41782,39838,118908,60649,58259,137553,68332,69221,165534,82537,82997,55570,25651,29919,22324,9918,12406,30173,13098,17075
48493,Texas,Wilson County,6392,3305,3087,10011,5144,4867,9295,4701,4594,13985,7018,6967,6361,3120,3241,2374,1182,1192,3335,1522,1813
48495,Texas,Winkler County,1246,633,613,1828,941,887,1542,833,709,1948,1041,907,687,350,337,270,123,147,367,156,211
48497,Texas,Wise County,9198,4664,4534,13611,6965,6646,13269,6718,6551,18820,9410,9410,8574,4267,4307,3000,1477,1523,4314,1921,2393
48499,Texas,Wood County,4525,2351,2174,7912,4107,3805,6605,3444,3161,10402,5143,5259,7543,3593,3950,3527,1700,1827,5581,2539,3042
48501,Texas,Yoakum County,1591,835,756,2163,1107,1056,1622,863,759,1810,901,909,776,390,386,268,135,133,449,200,249
48503,Texas,Young County,2161,1110,1051,3342,1771,1571,3106,1567,1539,4200,2087,2113,2554,1286,1268,913,431,482,1629,664,965
48505,Texas,Zapata County,2526,1311,1215,3589,1912,1677,2570,1263,1307,3025,1396,1629,1118,559,559,532,247,285,826,388,438
48507,Texas,Zavala County,1805,913,892,2931,1605,1326,2291,1197,1094,2511,1289,1222,1087,530,557,469,195,274,719,309,410
49001,Utah,Beaver County,1108,576,532,1647,844,803,1125,562,563,1448,748,700,768,388,380,270,136,134,400,197,203
49003,Utah,Box Elder County,9301,4813,4488,13366,7045,6321,11172,5669,5503,12449,6250,6199,5563,2750,2813,1779,901,878,3175,1459,1716
49005,Utah,Cache County,21183,10762,10421,41950,20592,21358,25773,13486,12287,23078,11510,11568,8985,4341,4644,3300,1600,1700,5387,2453,2934
49007,Utah,Carbon County,2782,1475,1307,4513,2246,2267,3737,1858,1879,4531,2230,2301,2660,1359,1301,1044,510,534,1458,634,824
49009,Utah,Daggett County,104,55,49,177,110,67,131,63,68,250,136,114,173,99,74,72,34,38,106,71,35
49011,Utah,Davis County,59889,31079,28810,85813,44999,40814,77077,38676,38401,81455,40855,40600,29197,14214,14983,9930,4682,5248,15024,6691,8333
49013,Utah,Duchesne County,3634,1847,1787,4473,2303,2170,3919,1930,1989,4273,2194,2079,1908,974,934,642,330,312,1061,496,565
49015,Utah,Emery County,1395,739,656,2270,1217,1053,1658,831,827,2267,1127,1140,1329,658,671,483,253,230,725,324,401
49017,Utah,Garfield County,566,283,283,944,517,427,867,466,401,1113,577,536,725,359,366,359,189,170,468,224,244
49019,Utah,Grand County,1156,574,582,1593,811,782,2025,987,1038,2363,1192,1171,1426,713,713,533,282,251,707,320,387
49021,Utah,Iron County,8381,4347,4034,15898,7859,8039,10745,5492,5253,10991,5460,5531,5446,2625,2821,2100,1043,1057,2920,1397,1523
49023,Utah,Juab County,2136,1118,1018,3107,1654,1453,2317,1172,1145,2587,1326,1261,974,480,494,412,206,206,575,270,305
49025,Utah,Kane County,937,490,447,1432,735,697,1322,669,653,1722,855,867,1214,565,649,536,266,270,736,377,359
49027,Utah,Millard County,2112,1112,1000,3095,1630,1465,2210,1114,1096,2691,1360,1331,1528,762,766,609,321,288,1035,500,535
49029,Utah,Morgan County,2010,1060,950,3370,1818,1552,1926,923,1003,2960,1524,1436,1094,562,532,397,192,205,620,305,315
49031,Utah,Piute County,134,61,73,320,180,140,182,82,100,305,165,140,227,110,117,116,59,57,188,100,88
49033,Utah,Rich County,378,213,165,509,258,251,412,202,210,518,260,258,320,186,134,124,59,65,197,106,91
49035,Utah,Salt Lake County,166450,84622,81828,251269,128565,122704,282531,144475,138056,274052,138827,135225,103526,50220,53306,35014,16372,18642,51459,21781,29678
49037,Utah,San Juan County,2267,1154,1113,3656,1874,1782,2700,1379,1321,3461,1720,1741,1660,795,865,583,287,296,947,413,534
49039,Utah,Sanpete County,3899,2005,1894,8299,4289,4010,5940,3358,2582,6921,3801,3120,3196,1586,1610,1210,594,616,1836,877,959
49041,Utah,Sevier County,3186,1663,1523,4846,2567,2279,3861,1962,1899,4885,2490,2395,2479,1230,1249,964,457,507,1534,738,796
49043,Utah,Summit County,4769,2417,2352,8621,4486,4135,7466,3841,3625,12371,6253,6118,5605,2895,2710,1645,843,802,1912,981,931
49045,Utah,Tooele County,12308,6331,5977,17796,9149,8647,15871,7924,7947,17797,9152,8645,5700,2872,2828,1926,973,953,2522,1124,1398
49047,Utah,Uintah County,6133,3179,2954,8369,4315,4054,7619,3840,3779,7780,3952,3828,3282,1615,1667,1131,562,569,1608,725,883
49049,Utah,Utah County,116697,59924,56773,202000,102710,99290,136773,70425,66348,119495,60417,59078,37794,18216,19578,13531,6255,7276,21122,9323,11799
49051,Utah,Wasatch County,5340,2728,2612,8308,4338,3970,6234,3089,3145,8661,4387,4274,3747,1900,1847,1225,626,599,1495,753,742
49053,Utah,Washington County,23992,12355,11637,38132,19697,18435,32081,15989,16092,37000,18144,18856,22380,10273,12107,11079,5362,5717,18588,9052,9536
49055,Utah,Wayne County,324,169,155,522,256,266,425,228,197,618,314,304,435,220,215,180,91,89,232,116,116
49057,Utah,Weber County,39154,20026,19128,58214,29834,28380,58955,30237,28718,60388,30508,29880,24169,11804,12365,8492,4075,4417,12591,5488,7103
50001,Vermont,Addison County,3150,1595,1555,7835,4071,3764,5903,2992,2911,9208,4576,4632,5529,2688,2841,2255,1125,1130,3057,1386,1671
50003,Vermont,Bennington County,3351,1740,1611,6536,3274,3262,5327,2653,2674,8875,4297,4578,5531,2670,2861,2211,1087,1124,3615,1529,2086
50005,Vermont,Caledonia County,2863,1465,1398,5399,2876,2523,4842,2453,2389,7691,3777,3914,4712,2296,2416,1781,888,893,2485,1109,1376
50007,Vermont,Chittenden County,15177,7864,7313,39297,19595,19702,34261,17516,16745,38822,18977,19845,19148,9232,9916,6677,3030,3647,10941,4305,6636
50009,Vermont,Essex County,560,290,270,812,427,385,840,398,442,1656,827,829,1101,560,541,476,226,250,688,332,356
50011,Vermont,Franklin County,5964,3015,2949,8521,4366,4155,9641,4833,4808,13461,6691,6770,6564,3227,3337,2269,1157,1112,3227,1386,1841
50013,Vermont,Grand Isle County,649,324,325,1076,577,499,1186,603,583,1976,968,1008,1334,692,642,460,242,218,498,247,251
50015,Vermont,Lamoille County,2664,1347,1317,4632,2339,2293,4859,2491,2368,6752,3404,3348,3376,1641,1735,1214,617,597,1867,860,1007
50017,Vermont,Orange County,2769,1443,1326,4604,2525,2079,4906,2465,2441,7570,3730,3840,4756,2338,2418,1838,877,961,2392,1043,1349
50019,Vermont,Orleans County,2758,1389,1369,4425,2267,2158,4524,2393,2131,6767,3398,3369,4163,2040,2123,1705,833,872,2559,1116,1443
50021,Vermont,Rutland County,5310,2729,2581,9927,5130,4797,9460,4866,4594,14752,7289,7463,9388,4534,4854,3733,1829,1904,5309,2294,3015
50023,Vermont,Washington County,5527,2873,2654,10889,5988,4901,10137,5036,5101,15383,7505,7878,8341,3978,4363,3355,1635,1720,4731,1987,2744
50025,Vermont,Windham County,3876,1991,1885,6623,3493,3130,6975,3449,3526,10634,5059,5575,7207,3530,3677,2844,1369,1475,3905,1722,2183
50027,Vermont,Windsor County,5048,2632,2416,8185,4183,4002,9379,4658,4721,14055,6869,7186,9211,4426,4785,3595,1695,1900,5504,2464,3040
51001,Virginia,Accomack County,3611,1880,1731,5101,2704,2397,5052,2502,2550,7711,3718,3993,5364,2532,2832,2122,982,1140,3354,1492,1862
51003,Virginia,Albemarle County,11937,6066,5871,22708,11206,11502,21250,10441,10809,25645,12327,13318,14036,6406,7630,5598,2548,3050,9375,3894,5481
51005,Virginia,Alleghany County,1392,707,685,2384,1270,1114,2190,1075,1115,3836,1891,1945,2203,1057,1146,1028,481,547,1734,723,1011
51007,Virginia,Amelia County,1421,760,661,2140,1091,1049,2207,1105,1102,3480,1709,1771,1951,966,985,734,370,364,1114,455,659
51009,Virginia,Amherst County,3354,1791,1563,5370,2703,2667,5343,2651,2692,8360,4046,4314,4448,2093,2355,1841,858,983,2998,1230,1768
51011,Virginia,Appomattox County,1914,989,925,2676,1332,1344,2936,1452,1484,3949,1931,2018,2168,999,1169,915,443,472,1475,647,828
51013,Virginia,Arlington County,25962,13291,12671,37704,19014,18690,77568,39192,38376,60648,30921,29727,19935,9737,10198,7244,3438,3806,10789,4601,6188
51015,Virginia,Augusta County,7523,3759,3764,12574,6707,5867,13584,7273,6311,20328,10379,9949,10729,5213,5516,4492,2123,2369,7292,3309,3983
51017,Virginia,Bath County,367,173,194,513,257,256,616,327,289,1127,579,548,666,336,330,336,167,169,512,258,254
51019,Virginia,Bedford County,8022,4033,3989,13378,6785,6593,12369,6226,6143,21420,10478,10942,12444,6119,6325,4856,2378,2478,7311,3278,4033
51021,Virginia,Bland County,474,236,238,850,457,393,1149,736,413,1812,1065,747,914,437,477,418,212,206,644,297,347
51023,Virginia,Botetourt County,3144,1639,1505,5522,2818,2704,5064,2608,2456,9326,4599,4727,5168,2580,2588,2219,1078,1141,3203,1384,1819
51025,Virginia,Brunswick County,1373,682,691,2588,1494,1094,3275,2151,1124,4070,2153,1917,2350,1095,1255,940,455,485,1488,614,874
51027,Virginia,Buchanan County,1821,927,894,3099,1584,1515,3465,1962,1503,5719,2929,2790,3195,1552,1643,1313,594,719,2114,912,1202
51029,Virginia,Buckingham County,1636,858,778,2654,1462,1192,3494,2187,1307,4681,2715,1966,2344,1163,1181,985,471,514,1380,593,787
51031,Virginia,Campbell County,6074,3036,3038,9181,4646,4535,10464,5306,5158,14151,6881,7270,7446,3536,3910,3082,1380,1702,4993,2132,2861
51033,Virginia,Caroline County,4012,2060,1952,5107,2582,2525,6319,3256,3063,7958,4002,3956,3904,1829,2075,1447,674,773,2119,855,1264
51035,Virginia,Carroll County,2743,1412,1331,4566,2357,2209,4560,2314,2246,8083,4057,4026,4755,2333,2422,2042,989,1053,3343,1467,1876
51036,Virginia,Charles City County,533,272,261,905,465,440,1069,529,540,1919,936,983,1224,580,644,504,263,241,722,293,429
51037,Virginia,Charlotte County,1357,727,630,2003,1049,954,1814,925,889,3011,1484,1527,1768,852,916,717,350,367,1185,494,691
51041,Virginia,Chesterfield County,44863,23155,21708,70107,35166,34941,67862,32757,35105,95693,45521,50172,41841,19136,22705,16177,7380,8797,20698,8709,11989
51043,Virginia,Clarke County,1326,669,657,2546,1280,1266,2152,1091,1061,4124,2041,2083,2248,1118,1130,898,441,457,1319,585,734
51045,Virginia,Craig County,414,203,211,832,428,404,745,389,356,1428,723,705,818,409,409,333,166,167,524,221,303
51047,Virginia,Culpeper County,7136,3566,3570,10164,5101,5063,9844,5046,4798,14085,7216,6869,6223,2989,3234,2413,1126,1287,3525,1558,1967
51049,Virginia,Cumberland County,1044,519,525,1593,785,808,1687,836,851,2602,1256,1346,1397,652,745,676,330,346,949,419,530
51051,Virginia,Dickenson County,1434,756,678,2227,1173,1054,2396,1271,1125,3706,1953,1753,2059,1018,1041,910,434,476,1408,628,780
51053,Virginia,Dinwiddie County,3238,1630,1608,4823,2472,2351,5340,2669,2671,7924,3915,4009,3872,1852,2020,1395,682,713,2155,898,1257
51057,Virginia,Essex County,1039,536,503,1685,774,911,1832,902,930,2858,1297,1561,1763,832,931,734,320,414,1046,470,576
51059,Virginia,Fairfax County,145903,74744,71159,217565,111191,106374,237457,120968,116489,318042,156341,161701,122410,59235,63175,44082,20607,23475,66679,29014,37665
51061,Virginia,Fauquier County,8668,4409,4259,13246,6839,6407,12324,6088,6236,19856,9787,10069,8985,4451,4534,3205,1520,1685,5124,2228,2896
51063,Virginia,Floyd County,1560,805,755,2478,1272,1206,2413,1223,1190,4284,2211,2073,2449,1198,1251,1046,500,546,1567,699,868
51065,Virginia,Fluvanna County,2765,1426,1339,4519,2192,2327,5182,2205,2977,7228,3256,3972,3797,1727,2070,1573,727,846,2353,1054,1299
51067,Virginia,Franklin County,5334,2715,2619,9421,4789,4632,8391,4146,4245,14584,7233,7351,9002,4432,4570,3876,1872,2004,5634,2545,3089
51069,Virginia,Frederick County,10913,5597,5316,16472,8565,7907,16897,8462,8435,23947,11983,11964,11068,5343,5725,4506,2126,2380,6981,3123,3858
51071,Virginia,Giles County,1773,897,876,2765,1414,1351,2766,1416,1350,4527,2256,2271,2225,1071,1154,1026,483,543,1599,680,919
51073,Virginia,Gloucester County,3999,2037,1962,5970,3086,2884,6840,3450,3390,9948,4873,5075,5565,2673,2892,2065,993,1072,3114,1324,1790
51075,Virginia,Goochland County,2022,1038,984,3836,1984,1852,3788,1972,1816,6907,3300,3607,4029,1937,2092,1603,773,830,2168,996,1172
51077,Virginia,Grayson County,1369,692,677,2230,1197,1033,2473,1410,1063,4195,2212,1983,2509,1255,1254,1030,519,511,1724,717,1007
51079,Virginia,Greene County,2413,1203,1210,3659,1919,1740,3687,1810,1877,5252,2592,2660,2550,1202,1348,1104,511,593,1447,632,815
51081,Virginia,Greensville County,929,488,441,1835,1113,722,2659,1994,665,3376,2315,1061,1318,696,622,508,239,269,671,255,416
51083,Virginia,Halifax County,3573,1834,1739,5645,2864,2781,5256,2619,2637,8058,3880,4178,5144,2436,2708,2338,1073,1265,3747,1453,2294
51085,Virginia,Hanover County,11752,6117,5635,20756,10734,10022,18015,8934,9081,29705,14353,15352,14267,6821,7446,5444,2569,2875,8219,3457,4762
51087,Virginia,Henrico County,40459,20743,19716,59333,30197,29136,71976,34744,37232,86670,40756,45914,38453,17121,21332,14375,6233,8142,22449,8448,14001
51089,Virginia,Henry County,5041,2507,2534,8177,4246,3931,7835,3798,4037,12997,6320,6677,7336,3557,3779,3207,1454,1753,5879,2437,3442
51091,Virginia,Highland County,180,82,98,204,101,103,259,122,137,502,265,237,508,262,246,234,119,115,313,137,176
51093,Virginia,Isle of Wight County,4182,2146,2036,6309,3199,3110,6551,3244,3307,10206,5005,5201,5377,2646,2731,2008,921,1087,3040,1294,1746
51095,Virginia,James City County,7740,3939,3801,12620,6456,6164,12150,6046,6104,18838,9022,9816,11163,5090,6073,5706,2625,3081,9275,4192,5083
51097,Virginia,King and Queen County,660,337,323,1015,541,474,1099,586,513,1901,991,910,1184,583,601,423,220,203,679,297,382
51099,Virginia,King George County,3474,1797,1677,5444,2848,2596,5365,2738,2627,7505,3774,3731,2974,1483,1491,1013,509,504,1518,671,847
51101,Virginia,King William County,2165,1139,1026,3084,1576,1508,3520,1738,1782,4684,2279,2405,2130,993,1137,822,372,450,1140,507,633
51103,Virginia,Lancaster County,851,417,434,1364,748,616,1297,642,655,2141,988,1153,2070,951,1119,1026,475,551,1887,825,1062
51105,Virginia,Lee County,2241,1186,1055,3535,1860,1675,4290,2578,1712,6119,3132,2987,3471,1723,1748,1412,690,722,2259,992,1267
51107,Virginia,Loudoun County,61144,31221,29923,86781,44143,42638,83276,40610,42666,128353,64964,63389,32826,15997,16829,11194,5168,6026,17500,7365,10135
51109,Virginia,Louisa County,4104,2081,2023,5824,2942,2882,6902,3453,3449,10136,4997,5139,5869,2853,3016,2211,1096,1115,2928,1367,1561
51111,Virginia,Lunenburg County,1295,693,602,1858,997,861,2152,1265,887,3179,1779,1400,1902,935,967,744,358,386,1141,471,670
51113,Virginia,Madison County,1404,690,714,2163,1067,1096,2160,1076,1084,3393,1659,1734,2072,982,1090,851,389,462,1265,569,696
51115,Virginia,Mathews County,686,365,321,1233,615,618,1109,558,551,2167,1049,1118,1561,742,819,736,342,394,1294,595,699
51117,Virginia,Mecklenburg County,3066,1592,1474,4728,2417,2311,4642,2401,2241,7527,3611,3916,4992,2360,2632,2243,1061,1182,3512,1439,2073
51119,Virginia,Middlesex County,873,480,393,1355,715,640,1437,757,680,2442,1190,1252,1928,900,1028,945,441,504,1595,743,852
51121,Virginia,Montgomery County,8317,4181,4136,33196,18416,14780,18629,9793,8836,20056,10094,9962,9311,4429,4882,3517,1577,1940,5534,2337,3197
51125,Virginia,Nelson County,1334,680,654,2173,1117,1056,2134,1054,1080,3622,1745,1877,2666,1267,1399,1251,612,639,1617,722,895
51127,Virginia,New Kent County,2429,1219,1210,3792,2052,1740,4644,2466,2178,6547,3331,3216,3363,1624,1739,1322,644,678,1403,658,745
51131,Virginia,Northampton County,1229,652,577,1738,901,837,1718,854,864,2598,1198,1400,2124,962,1162,867,395,472,1456,609,847
51133,Virginia,Northumberland County,899,471,428,1475,771,704,1377,675,702,2559,1193,1366,2423,1162,1261,1250,575,675,2094,1064,1030
51135,Virginia,Nottoway County,1570,781,789,2582,1428,1154,3109,1942,1167,3966,2313,1653,1948,963,985,744,330,414,1260,500,760
51137,Virginia,Orange County,4305,2161,2144,6249,3170,3079,6755,3439,3316,9714,4758,4956,5052,2357,2695,2076,927,1149,3384,1474,1910
51139,Virginia,Page County,2554,1267,1287,3839,1960,1879,4036,2027,2009,6466,3220,3246,3344,1635,1709,1420,685,735,2286,988,1298
51141,Virginia,Patrick County,1515,783,732,2575,1332,1243,2367,1260,1107,4788,2396,2392,2827,1416,1411,1273,603,670,2188,942,1246
51143,Virginia,Pittsylvania County,5349,2742,2607,9953,5088,4865,9307,4795,4512,16165,8097,8068,9306,4477,4829,3827,1801,2026,6125,2587,3538
51145,Virginia,Powhatan County,2859,1452,1407,4623,2562,2061,5155,2813,2342,9266,4795,4471,4282,2093,2189,1699,848,851,2149,992,1157
51147,Virginia,Prince Edward County,2030,1031,999,7509,3986,3523,3635,1961,1674,4492,2236,2256,2622,1222,1400,921,423,498,1766,678,1088
51149,Virginia,Prince George County,4843,2493,2350,7001,3749,3252,9297,5445,3852,9588,5283,4305,4111,2041,2070,1547,741,806,2276,1005,1271
51153,Virginia,Prince William County,68579,35234,33345,100426,52218,48208,98743,49296,49447,132526,66122,66404,41631,20147,21484,14347,6675,7672,18635,7826,10809
51155,Virginia,Pulaski County,3212,1631,1581,5164,2702,2462,5836,3170,2666,9198,4701,4497,4994,2376,2618,2258,1056,1202,3314,1394,1920
51157,Virginia,Rappahannock County,663,353,310,1041,541,500,1037,521,516,1846,899,947,1252,617,635,605,287,318,860,406,454
51159,Virginia,Richmond County,806,402,404,1355,759,596,1976,1361,615,2367,1478,889,1145,568,577,441,201,240,987,354,633
51161,Virginia,Roanoke County,9550,4987,4563,16284,8203,8081,16632,8271,8361,24539,11981,12558,12720,5988,6732,5658,2538,3120,9142,3545,5597
51163,Virginia,Rockbridge County,2099,1019,1080,3604,1828,1776,3472,1772,1700,5589,2738,2851,3674,1822,1852,1603,809,794,2731,1242,1489
51165,Virginia,Rockingham County,9705,4980,4725,15674,7801,7873,14570,7321,7249,20438,10167,10271,10607,5165,5442,4090,1966,2124,7251,3061,4190
51167,Virginia,Russell County,2665,1323,1342,4147,2126,2021,4323,2214,2109,7205,3530,3675,4107,1990,2117,1655,816,839,2577,1052,1525
51169,Virginia,Scott County,1906,974,932,3348,1733,1615,3471,1844,1627,5760,2957,2803,3189,1594,1595,1432,642,790,2509,1139,1370
51171,Virginia,Shenandoah County,4970,2495,2475,7299,3661,3638,7592,3836,3756,11077,5524,5553,6066,2938,3128,2530,1216,1314,4319,1851,2468
51173,Virginia,Smyth County,2926,1460,1466,5031,2596,2435,5013,2582,2431,8077,4017,4060,4184,1973,2211,1812,827,985,3077,1259,1818
51175,Virginia,Southampton County,1726,883,843,2759,1428,1331,2900,1483,1417,5090,2839,2251,2658,1386,1272,970,481,489,1584,670,914
51177,Virginia,Spotsylvania County,17684,9035,8649,27445,14111,13334,26746,13250,13496,37031,18137,18894,15317,7316,8001,5753,2600,3153,8033,3397,4636
51179,Virginia,Stafford County,20945,10698,10247,34468,18288,16180,32175,16683,15492,43294,21593,21701,14050,6894,7156,4719,2209,2510,6412,2690,3722
51181,Virginia,Surry County,571,286,285,902,465,437,1025,543,482,1728,849,879,1114,535,579,429,217,212,611,259,352
51183,Virginia,Sussex County,922,459,463,1706,1054,652,2800,2071,729,2799,1673,1126,1368,706,662,532,242,290,842,329,513
51185,Virginia,Tazewell County,4095,2056,2039,6621,3395,3226,6790,3747,3043,10385,5212,5173,6164,2924,3240,2585,1231,1354,3943,1575,2368
51187,Virginia,Warren County,4870,2495,2375,7218,3694,3524,7753,3913,3840,10788,5426,5362,5287,2629,2658,1841,884,957,2669,1150,1519
51191,Virginia,Washington County,4792,2482,2310,8978,4614,4364,8514,4390,4124,14187,7014,7173,8159,3862,4297,3533,1666,1867,5584,2422,3162
51193,Virginia,Westmoreland County,1847,947,900,2676,1352,1324,3042,1572,1470,4219,2011,2208,3034,1472,1562,1254,575,679,2049,934,1115
51195,Virginia,Wise County,3715,1887,1828,6764,3692,3072,7288,4224,3064,9584,5022,4562,5111,2415,2696,1994,938,1056,2807,1233,1574
51197,Virginia,Wythe County,2917,1480,1437,4533,2355,2178,4808,2403,2405,7842,3869,3973,4095,1925,2170,1700,804,896,2715,1137,1578
51199,Virginia,York County,8479,4335,4144,13439,6957,6482,13071,6558,6513,17729,8588,9141,8026,3847,4179,3123,1489,1634,5208,2225,2983
51510,Virginia,Alexandria city,18873,9727,9146,19494,9520,9974,49412,23762,25650,43270,21322,21948,14755,6714,8041,5459,2445,3014,7609,3081,4528
51520,Virginia,Bristol city,1965,985,980,2754,1405,1349,3297,1631,1666,4268,2092,2176,2255,1022,1233,938,393,545,1773,644,1129
51530,Virginia,Buena Vista city,749,343,406,1536,732,804,1085,552,533,1423,690,733,742,325,417,336,145,191,549,211,338
51540,Virginia,Charlottesville city,4540,2298,2242,11719,5719,6000,12630,6268,6362,9759,4711,5048,4639,2186,2453,1612,706,906,2154,854,1300
51550,Virginia,Chesapeake city,32049,16324,15725,47717,24587,23130,53614,26837,26777,63436,30631,32805,27352,12662,14690,9166,4067,5099,13386,5348,8038
51570,Virginia,Colonial Heights city,2136,1078,1058,3112,1542,1570,3315,1559,1756,4169,1926,2243,1935,825,1110,877,368,509,1634,620,1014
51580,Virginia,Covington city,721,337,384,980,501,479,994,509,485,1404,694,710,728,363,365,331,141,190,476,159,317
51590,Virginia,Danville city,4776,2436,2340,7450,3822,3628,7168,3445,3723,9052,4039,5013,5585,2461,3124,2165,889,1276,3727,1261,2466
51595,Virginia,Emporia city,717,369,348,1002,504,498,917,406,511,1227,549,678,631,307,324,245,96,149,545,200,345
51600,Virginia,Fairfax city,3168,1623,1545,4161,2084,2077,4929,2534,2395,6119,2995,3124,2520,1211,1309,988,455,533,1509,545,964
51610,Virginia,Falls Church city,1783,942,841,2839,1420,1419,2739,1375,1364,4212,2091,2121,1612,784,828,600,258,342,813,322,491
51620,Virginia,Franklin city,1130,591,539,1421,732,689,1360,614,746,1766,755,1011,1047,444,603,424,190,234,688,250,438
51630,Virginia,Fredericksburg city,3743,1981,1762,8084,3469,4615,6476,3241,3235,6287,2978,3309,2517,1125,1392,940,407,533,1404,539,865
51640,Virginia,Galax city,849,439,410,1203,608,595,1054,512,542,1589,754,835,777,347,430,263,98,165,561,177,384
51650,Virginia,Hampton city,16199,8287,7912,27811,14242,13569,30154,15097,15057,30520,14112,16408,16184,7430,8754,5594,2416,3178,8968,3497,5471
51660,Virginia,Harrisonburg city,5240,2668,2572,20582,9328,11254,10492,5398,5094,9603,4930,4673,3779,1806,1973,1280,555,725,2308,923,1385
51670,Virginia,Hopewell city,3228,1646,1582,4274,2166,2108,4750,2221,2529,5227,2373,2854,2447,1055,1392,915,384,531,1544,556,988
51678,Virginia,Lexington city,474,265,209,3592,2385,1207,865,436,429,949,456,493,570,250,320,272,113,159,548,202,346
51680,Virginia,Lynchburg city,8940,4592,4348,26572,12530,14042,15954,7893,8061,14330,6698,7632,7398,3304,4094,2895,1259,1636,5546,2046,3500
51683,Virginia,Manassas city,6249,3241,3008,8069,4136,3933,9150,4719,4431,10729,5378,5351,3942,1892,2050,1235,577,658,1525,618,907
51685,Virginia,Manassas Park city,2396,1230,1166,3664,1905,1759,4372,2245,2127,5152,2711,2441,1389,709,680,426,194,232,602,235,367
51690,Virginia,Martinsville city,1708,877,831,2326,1211,1115,2173,1018,1155,3055,1411,1644,1596,701,895,621,269,352,889,282,607
51700,Virginia,Newport News city,24642,12604,12038,37617,19352,18265,42870,21346,21524,39556,18523,21033,18299,8260,10039,6203,2674,3529,10122,3776,6346
51710,Virginia,Norfolk city,28940,14736,14204,60606,35383,25223,63905,35209,28696,47947,23257,24690,23050,10529,12521,7538,3355,4183,11103,4246,6857
51720,Virginia,Norton city,495,243,252,676,351,325,847,434,413,943,454,489,494,207,287,188,78,110,333,121,212
51730,Virginia,Petersburg city,4086,2099,1987,5143,2493,2650,6834,3120,3714,7069,3304,3765,3800,1631,2169,1329,556,773,2204,716,1488
51735,Virginia,Poquoson city,1331,681,650,2332,1215,1117,2083,1093,990,3320,1662,1658,1453,706,747,647,298,349,1080,487,593
51740,Virginia,Portsmouth city,13082,6739,6343,17503,9040,8463,22549,11122,11427,21471,10048,11423,10771,4772,5999,3725,1610,2115,5892,2216,3676
51750,Virginia,Radford city,1198,622,576,8130,3650,4480,3056,1553,1503,3286,1594,1692,1471,687,784,388,185,203,685,272,413
51760,Virginia,Richmond city,24149,12388,11761,42071,19811,22260,68565,33362,35203,50527,24219,26308,26116,11779,14337,8346,3724,4622,12282,4629,7653
51770,Virginia,Roanoke city,12759,6379,6380,16655,8384,8271,21965,10688,11277,24403,11761,12642,12094,5502,6592,4576,1974,2602,6686,2373,4313
51775,Virginia,Salem city,2410,1220,1190,5611,2741,2870,4382,2205,2177,6128,2963,3165,3305,1505,1800,1308,569,739,2162,844,1318
51790,Virginia,Staunton city,2769,1392,1377,4000,1842,2158,5192,2489,2703,6136,2935,3201,3292,1442,1850,1410,637,773,2321,872,1449
51800,Virginia,Suffolk city,12261,6286,5975,17164,8816,8348,19343,9460,9883,24632,11687,12945,10577,5029,5548,3830,1769,2061,5730,2289,3441
51810,Virginia,Virginia Beach city,55597,28649,26948,83858,43830,40028,106819,54341,52478,110392,52839,57553,48707,22385,26322,18046,8006,10040,27921,11226,16695
51820,Virginia,Waynesboro city,2887,1459,1428,3993,1961,2032,4749,2365,2384,5465,2616,2849,2626,1184,1442,1065,466,599,1836,736,1100
51830,Virginia,Williamsburg city,1048,519,529,5911,2617,3294,2364,1165,1199,2361,1111,1250,1560,709,851,723,337,386,1218,519,699
51840,Virginia,Winchester city,3445,1771,1674,5759,2959,2800,5675,2890,2785,6595,3215,3380,3115,1465,1650,1250,574,676,1942,784,1158
53001,Washington,Adams County,3961,2012,1949,5243,2774,2469,3605,1871,1734,3956,1985,1971,1762,862,900,578,278,300,947,442,505
53003,Washington,Asotin County,2442,1263,1179,3667,1819,1848,3821,1888,1933,5446,2676,2770,3562,1706,1856,1392,627,765,2482,1158,1324
53005,Washington,Benton County,29323,15021,14302,41987,21776,20211,42650,21649,21001,47558,23753,23805,23104,11303,11801,8574,4150,4424,12811,5569,7242
53007,Washington,Chelan County,9679,5087,4592,14319,7398,6921,14588,7528,7060,17800,8823,8977,10713,5236,5477,4100,1995,2105,6299,2793,3506
53009,Washington,Clallam County,7056,3656,3400,10582,5606,4976,12426,6507,5919,16781,8135,8646,14655,6827,7828,6502,3045,3457,9977,4602,5375
53011,Washington,Clark County,61114,31279,29835,94171,47936,46235,100760,50744,50016,128134,63325,64809,57855,27576,30279,22670,10535,12135,30519,13308,17211
53013,Washington,Columbia County,375,189,186,584,304,280,612,274,338,947,486,461,685,322,363,314,155,159,528,253,275
53015,Washington,Cowlitz County,13707,6982,6725,19507,9911,9596,20929,10495,10434,27321,13626,13695,14905,7346,7559,6007,2855,3152,8811,3980,4831
53017,Washington,Douglas County,5829,2976,2853,8764,4605,4159,8246,4377,3869,10000,5038,4962,5268,2589,2679,2103,987,1116,3328,1540,1788
53019,Washington,Ferry County,705,369,336,1140,656,484,998,492,506,1919,924,995,1546,770,776,647,355,292,808,390,418
53021,Washington,Franklin County,16970,8494,8476,23299,11852,11447,21693,11604,10089,21082,11060,10022,7631,3878,3753,2611,1257,1354,3463,1520,1943
53023,Washington,Garfield County,270,129,141,326,176,150,314,160,154,549,246,303,417,209,208,161,80,81,257,117,140
53025,Washington,Grant County,15685,7962,7723,22267,11530,10737,19762,10441,9321,21785,11011,10774,10075,5074,5001,3831,1880,1951,5702,2594,3108
53027,Washington,Grays Harbor County,8227,4190,4037,12300,6428,5872,13334,7212,6122,18525,9588,8937,12092,5858,6234,4847,2363,2484,6456,3017,3439
53029,Washington,Island County,9142,4657,4485,13452,7285,6167,17223,9210,8013,17622,8547,9075,13442,6132,7310,6331,3076,3255,8711,4016,4695
53031,Washington,Jefferson County,2040,1071,969,3218,1673,1545,4263,2232,2031,7002,3397,3605,7539,3435,4104,3809,1816,1993,4788,2372,2416
53033,Washington,King County,253599,129416,124183,378741,192755,185986,612480,320793,291687,589422,299682,289740,229697,111274,118423,81393,37386,44007,124548,51587,72961
53035,Washington,Kitsap County,30646,15746,14900,49349,27436,21913,58925,31771,27154,64151,31962,32189,35643,17047,18596,14439,6765,7674,19643,8696,10947
53037,Washington,Kittitas County,4500,2332,2168,13915,6868,7047,8836,4718,4118,10120,5119,5001,6071,2992,3079,2226,1115,1111,3231,1543,1688
53039,Washington,Klickitat County,2275,1184,1091,3370,1757,1613,3729,1908,1821,5707,2895,2812,3879,1883,1996,1564,816,748,2117,1020,1097
53041,Washington,Lewis County,9705,5053,4652,13626,7064,6562,14970,7651,7319,19728,9794,9934,11867,5774,6093,4783,2393,2390,7087,3229,3858
53043,Washington,Lincoln County,1221,635,586,1868,961,907,1553,798,755,2507,1256,1251,1908,959,949,798,403,395,1209,585,624
53045,Washington,Mason County,7200,3750,3450,10579,5745,4834,12278,6809,5469,16013,8227,7786,11242,5559,5683,4526,2221,2305,6091,2868,3223
53047,Washington,Okanogan County,5308,2740,2568,7248,3801,3447,7136,3565,3571,9839,4971,4868,6621,3233,3388,2758,1420,1338,3691,1783,1908
53049,Washington,Pacific County,1824,939,885,2869,1498,1371,3284,1663,1621,5134,2526,2608,4834,2295,2539,2094,1011,1083,2834,1364,1470
53051,Washington,Pend Oreille County,1408,728,680,2126,1125,1001,1958,1009,949,3419,1744,1675,2654,1345,1309,1109,596,513,1365,649,716
53053,Washington,Pierce County,119545,61412,58133,172762,90702,82060,211101,107679,103422,223612,110992,112620,98976,47003,51973,35092,16307,18785,51240,21257,29983
53055,Washington,San Juan County,1073,543,530,2021,1010,1011,2297,1127,1170,4136,2018,2118,3789,1748,2041,1840,897,943,2301,1148,1153
53057,Washington,Skagit County,15296,7901,7395,22272,11355,10917,25102,12856,12246,30189,14917,15272,18282,8631,9651,7808,3703,4105,11490,5199,6291
53059,Washington,Skamania County,1102,554,548,1747,921,826,1964,978,986,3342,1684,1658,2159,1063,1096,756,406,350,1025,505,520
53061,Washington,Snohomish County,103326,52912,50414,143474,73931,69543,189810,97479,92331,221283,112595,108688,95023,45990,49033,31666,14623,17043,44276,18431,25845
53063,Washington,Spokane County,63240,32397,30843,99659,51098,48561,116015,59461,56554,125680,62261,63419,63551,30241,33310,23912,11283,12629,34863,14809,20054
53065,Washington,Stevens County,5028,2640,2388,7614,3881,3733,6874,3501,3373,11144,5425,5719,8142,3985,4157,3174,1631,1543,4265,2044,2221
53067,Washington,Thurston County,34494,17805,16689,50716,25816,24900,64199,32315,31884,71892,35044,36848,36614,16807,19807,14823,6872,7951,20366,8705,11661
53069,Washington,Wahkiakum County,358,182,176,647,324,323,557,286,271,1024,512,512,879,442,437,438,211,227,580,297,283
53071,Washington,Walla Walla County,6875,3461,3414,13709,7136,6573,11600,6397,5203,13564,7009,6555,7418,3554,3864,3010,1438,1572,5083,2137,2946
53073,Washington,Whatcom County,23959,12384,11575,50937,25417,25520,46834,24017,22817,52551,26020,26531,28193,13260,14933,11748,5570,6178,16279,7253,9026
53075,Washington,Whitman County,4108,2116,1992,20350,10287,10063,9490,5160,4330,7982,3964,4018,4042,2033,2009,1394,663,731,2298,1014,1284
53077,Washington,Yakima County,40638,20614,20024,57223,29252,27971,49584,24972,24612,55305,27642,27663,24551,11940,12611,9496,4579,4917,15128,6606,8522
54001,West Virginia,Barbour County,1691,853,838,3261,1586,1675,2753,1407,1346,4141,2027,2114,2237,1110,1127,942,457,485,1449,655,794
54003,West Virginia,Berkeley County,15210,7808,7402,21676,11000,10676,25757,12949,12808,32449,16108,16341,14220,6887,7333,5543,2633,2910,6724,3037,3687
54005,West Virginia,Boone County,2201,1131,1070,3671,1944,1727,3250,1650,1600,5886,2920,2966,3188,1525,1663,1317,640,677,1648,722,926
54007,West Virginia,Braxton County,1390,721,669,2091,1066,1025,2315,1206,1109,3626,1839,1787,2102,1044,1058,878,441,437,1375,626,749
54009,West Virginia,Brooke County,1965,1019,946,3776,1976,1800,3377,1767,1610,5527,2765,2762,3449,1639,1810,1439,683,756,2236,916,1320
54011,West Virginia,Cabell County,9955,5138,4817,20297,10145,10152,16701,8582,8119,21147,10329,10818,11143,5190,5953,4815,2180,2635,7687,3126,4561
54013,West Virginia,Calhoun County,655,323,332,1034,499,535,998,519,479,1910,942,968,1157,590,567,530,281,249,703,328,375
54015,West Virginia,Clay County,937,509,428,1459,760,699,1269,651,618,2206,1062,1144,1293,662,631,495,262,233,745,349,396
54017,West Virginia,Doddridge County,617,316,301,1367,846,521,1549,935,614,2376,1319,1057,1212,598,614,503,259,244,771,390,381
54019,West Virginia,Fayette County,4711,2390,2321,7059,3754,3305,6934,3641,3293,10903,5606,5297,6315,3101,3214,2531,1222,1309,3757,1544,2213
54021,West Virginia,Gilmer County,620,328,292,1708,977,731,1695,1244,451,1964,1213,751,859,435,424,361,185,176,641,276,365
54023,West Virginia,Grant County,1214,616,598,1786,937,849,1796,929,867,2974,1486,1488,1625,804,821,794,374,420,1327,626,701
54025,West Virginia,Greenbrier County,3550,1882,1668,5468,2856,2612,5693,2796,2897,8749,4281,4468,5222,2515,2707,2264,1079,1185,3496,1491,2005
54027,West Virginia,Hampshire County,2144,1113,1031,3600,1882,1718,3632,1884,1748,6405,3236,3169,3656,1836,1820,1579,829,750,2191,1021,1170
54029,West Virginia,Hancock County,2768,1419,1349,4538,2331,2207,4620,2337,2283,7592,3745,3847,4478,2152,2326,1794,862,932,2891,1115,1776
54031,West Virginia,Hardy County,1489,772,717,2182,1120,1062,2102,1105,997,3748,1918,1830,2032,997,1035,869,429,440,1287,605,682
54033,West Virginia,Harrison County,7561,3898,3663,11447,5899,5548,12285,6171,6114,17452,8707,8745,8953,4341,4612,3600,1657,1943,5710,2311,3399
54035,West Virginia,Jackson County,3156,1641,1515,4855,2559,2296,4756,2431,2325,7578,3719,3859,4016,1987,2029,1528,722,806,2645,1147,1498
54037,West Virginia,Jefferson County,6379,3280,3099,10875,5566,5309,10154,5078,5076,16279,8072,8207,7262,3502,3760,2884,1396,1488,3653,1616,2037
54039,West Virginia,Kanawha County,18885,9474,9411,29607,14990,14617,32102,15983,16119,44657,21723,22934,25901,12064,13837,10238,4688,5550,15497,6246,9251
54041,West Virginia,Lewis County,1844,959,885,2546,1316,1230,2819,1417,1402,4188,2118,2070,2148,1057,1091,930,442,488,1368,615,753
54043,West Virginia,Lincoln County,2401,1184,1217,3432,1793,1639,3226,1590,1636,5444,2734,2710,2866,1363,1503,1144,568,576,1648,744,904
54045,West Virginia,Logan County,3555,1788,1767,5184,2664,2520,5389,2801,2588,8281,4122,4159,4952,2371,2581,1927,868,1059,2482,1033,1449
54047,West Virginia,McDowell County,1892,963,929,2607,1336,1271,2733,1409,1324,4424,2185,2239,2849,1360,1489,1049,532,517,1549,621,928
54049,West Virginia,Marion County,6179,3170,3009,11342,5832,5510,10007,5115,4892,13508,6687,6821,7293,3612,3681,3045,1405,1640,4643,1914,2729
54051,West Virginia,Marshall County,2998,1553,1445,4747,2408,2339,5050,2652,2398,7867,3981,3886,4724,2288,2436,2057,974,1083,2783,1155,1628
54053,West Virginia,Mason County,2880,1552,1328,4370,2234,2136,4463,2067,2396,6751,3260,3491,3933,1862,2071,1542,746,796,2473,1039,1434
54055,West Virginia,Mercer County,6775,3507,3268,9986,5124,4862,9953,4909,5044,14206,6847,7359,8331,3760,4571,3613,1670,1943,5542,2282,3260
54057,West Virginia,Mineral County,2832,1380,1452,4622,2473,2149,4578,2381,2197,6829,3388,3441,3660,1711,1949,1734,829,905,2514,1120,1394
54059,West Virginia,Mingo County,2827,1485,1342,3790,1964,1826,3784,1863,1921,6189,3025,3164,3476,1664,1812,1379,674,705,1602,703,899
54061,West Virginia,Monongalia County,10146,5206,4940,28877,15172,13705,25054,13532,11522,22737,11598,11139,10731,5219,5512,3749,1847,1902,5423,2252,3171
54063,West Virginia,Monroe County,1344,690,654,2057,1068,989,2030,1027,1003,3401,1670,1731,1925,948,977,1011,489,522,1487,706,781
54065,West Virginia,Morgan County,1574,818,756,2747,1448,1299,2722,1390,1332,4949,2529,2420,2961,1459,1502,1160,574,586,1762,801,961
54067,West Virginia,Nicholas County,2598,1339,1259,3873,1986,1887,3976,1996,1980,6295,3037,3258,3722,1796,1926,1589,797,792,2338,1064,1274
54069,West Virginia,Ohio County,4315,2230,2085,7795,3863,3932,6996,3574,3422,9677,4718,4959,6068,2867,3201,2408,1133,1275,4038,1515,2523
54071,West Virginia,Pendleton County,680,351,329,953,477,476,1027,544,483,1681,870,811,1154,568,586,499,248,251,939,438,501
54073,West Virginia,Pleasants County,754,405,349,1202,687,515,1423,849,574,2086,1158,928,972,485,487,393,195,198,601,264,337
54075,West Virginia,Pocahontas County,774,388,386,1126,578,548,1295,707,588,2075,1082,993,1375,692,683,626,312,314,937,446,491
54077,West Virginia,Preston County,3436,1806,1630,5073,2637,2436,6455,3452,3003,8958,4754,4204,4753,2306,2447,1913,955,958,2831,1228,1603
54079,West Virginia,Putnam County,6299,3260,3039,10047,5223,4824,9884,4949,4935,15457,7626,7831,7417,3592,3825,2899,1353,1546,4436,1868,2568
54081,West Virginia,Raleigh County,8187,4195,3992,12361,6457,5904,13329,7186,6143,18208,9272,8936,10271,4885,5386,4489,2118,2371,6282,2585,3697
54083,West Virginia,Randolph County,2869,1471,1398,4716,2581,2135,5100,2915,2185,7243,3803,3440,3934,1946,1988,1764,856,908,2825,1271,1554
54085,West Virginia,Ritchie County,979,474,505,1509,775,734,1469,763,706,2559,1293,1266,1450,744,706,631,297,334,936,406,530
54087,West Virginia,Roane County,1381,685,696,2262,1174,1088,2056,1044,1012,3611,1768,1843,2122,1053,1069,837,421,416,1246,539,707
54089,West Virginia,Summers County,984,480,504,1706,821,885,2045,819,1226,3368,1498,1870,2086,1000,1086,894,445,449,1372,586,786
54091,West Virginia,Taylor County,1719,869,850,2657,1393,1264,3079,1663,1416,4514,2297,2217,2307,1127,1180,949,473,476,1460,624,836
54093,West Virginia,Tucker County,526,267,259,877,488,389,1092,541,551,1889,957,932,1104,557,547,512,249,263,835,393,442
54095,West Virginia,Tyler County,876,469,407,1342,663,679,1259,634,625,2325,1189,1136,1373,678,695,529,264,265,846,375,471
54097,West Virginia,Upshur County,2610,1327,1283,4880,2414,2466,4093,2043,2050,5796,2922,2874,3279,1597,1682,1379,699,680,2188,975,1213
54099,West Virginia,Wayne County,4081,2090,1991,6649,3423,3226,6546,3217,3329,10365,5043,5322,5406,2596,2810,2387,1104,1283,3735,1640,2095
54101,West Virginia,Webster County,839,417,422,1225,643,582,1238,632,606,2102,1054,1048,1339,649,690,575,279,296,770,350,420
54103,West Virginia,Wetzel County,1649,856,793,2474,1284,1190,2369,1225,1144,3864,1885,1979,2102,1031,1071,904,437,467,1587,653,934
54105,West Virginia,Wirt County,607,313,294,963,526,437,898,445,453,1524,738,786,915,470,445,339,184,155,474,239,235
54107,West Virginia,Wood County,9392,4786,4606,13943,7092,6851,14351,7108,7243,21759,10717,11042,11374,5363,6011,4715,2160,2555,7577,3135,4442
54109,West Virginia,Wyoming County,2069,1058,1011,3410,1744,1666,3181,1586,1595,5365,2646,2719,3227,1588,1639,1330,653,677,1617,726,891
55001,Wisconsin,Adams County,1423,736,687,2522,1350,1172,2970,1828,1142,5161,2759,2402,4244,2210,2034,1667,861,806,2511,1251,1260
55003,Wisconsin,Ashland County,1738,899,839,3038,1550,1488,2512,1318,1194,3741,1835,1906,2368,1183,1185,832,414,418,1232,537,695
55005,Wisconsin,Barron County,5204,2645,2559,7522,3885,3637,7588,3932,3656,11044,5625,5419,6716,3367,3349,2685,1331,1354,4417,1895,2522
55007,Wisconsin,Bayfield County,1409,724,685,2096,1099,997,1961,981,980,3758,1875,1883,3133,1586,1547,1232,638,594,1673,819,854
55009,Wisconsin,Brown County,33404,17015,16389,52548,26488,26060,53286,27273,26013,66869,33462,33407,31071,15126,15945,10870,5112,5758,16559,6825,9734
55011,Wisconsin,Buffalo County,1366,684,682,2159,1079,1080,2132,1111,1021,3332,1702,1630,1979,1044,935,789,423,366,1285,582,703
55013,Wisconsin,Burnett County,1377,712,665,2113,1123,990,1972,994,978,3814,1916,1898,3191,1645,1546,1253,653,600,1838,897,941
55015,Wisconsin,Calumet County,5746,2976,2770,9549,4934,4615,8882,4532,4350,14390,7326,7064,6401,3188,3213,2070,1022,1048,3218,1403,1815
55017,Wisconsin,Chippewa County,7339,3714,3625,11334,5957,5377,12365,6808,5557,16850,9010,7840,8791,4408,4383,3179,1578,1601,4936,2138,2798
55019,Wisconsin,Clark County,5719,2904,2815,7439,3774,3665,5289,2723,2566,7952,4091,3861,4337,2245,2092,1408,722,686,2633,1103,1530
55021,Wisconsin,Columbia County,6306,3249,3057,9924,5149,4775,10698,5679,5019,15619,8041,7578,8043,4067,3976,2842,1421,1421,4262,1819,2443
55023,Wisconsin,Crawford County,1579,818,761,2800,1542,1258,2511,1370,1141,3965,2069,1896,2527,1270,1257,1004,500,504,1672,773,899
55025,Wisconsin,Dane County,60647,31013,29634,123297,62509,60788,127075,65901,61174,129429,63993,65436,58500,27892,30608,21727,10167,11560,30941,12873,18068
55027,Wisconsin,Dodge County,8488,4353,4135,15213,8184,7029,16902,9901,7001,24070,12898,11172,11867,6009,5858,3987,1963,2024,6940,2920,4020
55029,Wisconsin,Door County,2207,1158,1049,3869,1994,1875,3737,1898,1839,6667,3357,3310,5570,2688,2882,2394,1165,1229,3437,1558,1879
55031,Wisconsin,Douglas County,4443,2313,2130,7745,3936,3809,8268,4213,4055,11156,5549,5607,6402,3264,3138,2297,1169,1128,3370,1489,1881
55033,Wisconsin,Dunn County,4685,2372,2313,12515,6298,6217,7865,4076,3789,10200,5267,4933,5194,2603,2591,1962,963,999,3069,1259,1810
55035,Wisconsin,Eau Claire County,11598,5947,5651,26170,12884,13286,21233,11006,10227,22795,11456,11339,11786,5614,6172,4688,2236,2452,6862,2887,3975
55037,Wisconsin,Florence County,315,180,135,490,250,240,595,303,292,1177,597,580,934,485,449,315,166,149,482,214,268
55039,Wisconsin,Fond du Lac County,11257,5675,5582,19211,9741,9470,18697,9376,9321,26441,13206,13235,13909,6860,7049,5075,2458,2617,8422,3453,4969
55041,Wisconsin,Forest County,983,510,473,1478,804,674,1341,659,682,2240,1131,1109,1539,772,767,532,260,272,867,433,434
55043,Wisconsin,Grant County,5696,2912,2784,13562,7630,5932,8362,4513,3849,10889,5537,5352,6398,3220,3178,2197,1045,1152,4063,1642,2421
55045,Wisconsin,Green County,3967,2031,1936,6475,3279,3196,6191,3153,3038,9906,5021,4885,5264,2632,2632,1872,914,958,3016,1306,1710
55047,Wisconsin,Green Lake County,2169,1046,1123,3310,1766,1544,2824,1442,1382,4697,2426,2271,2941,1476,1465,1127,557,570,1858,800,1058
55049,Wisconsin,Iowa County,2660,1376,1284,4161,2147,2014,3942,2022,1920,6274,3146,3128,3545,1801,1744,1283,620,663,1797,806,991
55051,Wisconsin,Iron County,421,225,196,742,373,369,713,355,358,1411,714,697,1129,589,540,490,261,229,806,359,447
55053,Wisconsin,Jackson County,2406,1236,1170,3552,1906,1646,3756,2229,1527,5342,2877,2465,2843,1497,1346,1052,529,523,1706,797,909
55055,Wisconsin,Jefferson County,8834,4556,4278,16360,8433,7927,15279,7653,7626,22952,11626,11326,11384,5611,5773,4058,1949,2109,6159,2695,3464
55057,Wisconsin,Juneau County,2810,1434,1376,4309,2271,2038,4639,2688,1951,7245,4006,3239,4010,2091,1919,1500,750,750,2356,1058,1298
55059,Wisconsin,Kenosha County,19628,10078,9550,34318,17341,16977,33030,16666,16364,45866,22644,23222,20277,9884,10393,6436,3074,3362,10239,4141,6098
55061,Wisconsin,Kewaunee County,2199,1120,1079,3524,1812,1712,3359,1758,1601,5367,2729,2638,2943,1544,1399,1089,552,537,1923,827,1096
55063,Wisconsin,La Crosse County,12169,6133,6036,29611,14123,15488,22426,11599,10827,26322,13143,13179,13998,6709,7289,5340,2563,2777,8613,3538,5075
55065,Wisconsin,Lafayette County,2152,1086,1066,3114,1595,1519,2718,1416,1302,4053,2039,2014,2430,1251,1179,761,405,356,1431,630,801
55067,Wisconsin,Langlade County,1976,1023,953,3011,1572,1439,2796,1441,1355,4863,2480,2383,3215,1637,1578,1220,586,634,2081,917,1164
55069,Wisconsin,Lincoln County,2559,1265,1294,4213,2272,1941,4284,2218,2066,7705,3929,3776,4568,2329,2239,1577,783,794,2668,1156,1512
55071,Wisconsin,Manitowoc County,8331,4297,4034,13368,6857,6511,12862,6582,6280,20716,10526,10190,12071,6104,5967,4233,2083,2150,7229,2968,4261
55073,Wisconsin,Marathon County,16264,8332,7932,24551,12666,11885,25040,12738,12302,35120,17790,17330,17690,8898,8792,6244,2997,3247,10791,4618,6173
55075,Wisconsin,Marinette County,3938,2056,1882,6164,3180,2984,6274,3220,3054,10281,5197,5084,6917,3514,3403,2483,1262,1221,4220,1863,2357
55077,Wisconsin,Marquette County,1558,819,739,2327,1232,1095,2187,1101,1086,4031,2077,1954,2850,1477,1373,1013,503,510,1607,732,875
55078,Wisconsin,Menominee County,855,453,402,1085,571,514,734,363,371,967,434,533,516,250,266,166,75,91,230,106,124
55079,Wisconsin,Milwaukee County,126699,64568,62131,187097,94363,92734,221304,108226,113078,219932,106301,113631,102230,47953,54277,34245,15620,18625,54585,20974,33611
55081,Wisconsin,Monroe County,6352,3202,3150,8603,4438,4165,8425,4353,4072,11734,6234,5500,5933,2965,2968,2200,1106,1094,3376,1502,1874
55083,Wisconsin,Oconto County,3997,2080,1917,6059,3138,2921,5977,3082,2895,10695,5499,5196,6289,3299,2990,2190,1145,1045,3104,1454,1650
55085,Wisconsin,Oneida County,3232,1690,1542,4881,2518,2363,5249,2735,2514,9058,4519,4539,6786,3431,3355,2491,1266,1225,4030,1845,2185
55087,Wisconsin,Outagamie County,23623,12104,11519,35829,18429,17400,38076,19567,18509,49145,24582,24563,22267,10837,11430,7670,3613,4057,12011,4996,7015
55089,Wisconsin,Ozaukee County,9834,5049,4785,16871,8636,8235,14197,7210,6987,23455,11583,11872,12681,6119,6562,4782,2274,2508,8155,3465,4690
55091,Wisconsin,Pepin County,839,424,415,1178,621,557,1132,580,552,1807,930,877,1162,585,577,410,217,193,729,334,395
55093,Wisconsin,Pierce County,4349,2317,2032,11075,5191,5884,7229,3738,3491,10447,5320,5127,5296,2636,2660,1798,931,867,2510,1158,1352
55095,Wisconsin,Polk County,4431,2261,2170,7347,3831,3516,6879,3494,3385,11862,6000,5862,6960,3516,3444,2429,1224,1205,3855,1757,2098
55097,Wisconsin,Portage County,7114,3637,3477,17515,9097,8418,12590,6614,5976,16544,8391,8153,8853,4393,4460,3322,1660,1662,5097,2192,2905
55099,Wisconsin,Price County,1187,597,590,1958,1019,939,1613,839,774,3549,1815,1734,2545,1332,1213,915,498,417,1501,674,827
55101,Wisconsin,Racine County,24140,12398,11742,36844,19173,17671,35979,18143,17836,51107,25396,25711,25138,12207,12931,8885,4179,4706,13889,5663,8226
55103,Wisconsin,Richland County,1815,940,875,3106,1598,1508,2526,1283,1243,4235,2156,2079,2789,1414,1375,989,499,490,1813,815,998
55105,Wisconsin,Rock County,19697,10167,9530,31026,15894,15132,30459,15186,15273,42229,20960,21269,20668,9976,10692,7261,3369,3892,11800,4867,6933
55107,Wisconsin,Rusk County,1472,772,700,2259,1172,1087,1916,997,919,3609,1853,1756,2390,1208,1182,921,476,445,1466,653,813
55109,Wisconsin,St. Croix County,11435,5840,5595,17602,9060,8542,16851,8508,8343,25559,12818,12741,11087,5504,5583,3765,1859,1906,5256,2288,2968
55111,Wisconsin,Sauk County,7793,3959,3834,11486,5886,5600,11723,6034,5689,16259,8171,8088,8725,4354,4371,3276,1544,1732,5188,2181,3007
55113,Wisconsin,Sawyer County,1635,851,784,2544,1312,1232,2281,1199,1082,4000,2066,1934,3275,1644,1631,1189,621,568,1732,831,901
55115,Wisconsin,Shawano County,4487,2270,2217,6949,3596,3353,6539,3306,3233,10689,5412,5277,5962,3029,2933,2181,1071,1110,3977,1775,2202
55117,Wisconsin,Sheboygan County,13038,6684,6354,21506,11213,10293,20670,10823,9847,29728,15287,14441,15644,7708,7936,5601,2690,2911,9075,3772,5303
55119,Wisconsin,Taylor County,2343,1198,1145,3692,1918,1774,3115,1597,1518,5330,2712,2618,3027,1594,1433,957,481,476,1846,824,1022
55121,Wisconsin,Trempealeau County,4155,2063,2092,5342,2780,2562,4973,2506,2467,7537,3922,3615,3911,2010,1901,1388,713,675,2338,1014,1324
55123,Wisconsin,Vernon County,4289,2191,2098,5810,3011,2799,4619,2306,2313,7396,3707,3689,4578,2348,2230,1572,800,772,2605,1183,1422
55125,Wisconsin,Vilas County,1992,1013,979,2923,1551,1372,2685,1420,1265,5389,2757,2632,4522,2281,2241,1865,934,931,2921,1421,1500
55127,Wisconsin,Walworth County,10468,5363,5105,23729,12184,11545,16478,8579,7899,25986,12857,13129,14218,7032,7186,5183,2528,2655,7892,3442,4450
55129,Wisconsin,Washburn County,1443,734,709,2313,1174,1139,2093,1014,1079,3982,2008,1974,2983,1469,1514,1177,630,547,1727,777,950
55131,Wisconsin,Washington County,14748,7399,7349,24213,12223,11990,22973,11746,11227,38234,19317,18917,18660,9174,9486,6762,3274,3488,10840,4592,6248
55133,Wisconsin,Waukesha County,43911,22498,21413,73046,37184,35862,68723,34825,33898,109696,54172,55524,56412,27625,28787,20471,9667,10804,33678,13891,19787
55135,Wisconsin,Waupaca County,5316,2768,2548,8517,4442,4075,8203,4197,4006,13704,6977,6727,7618,3837,3781,2574,1285,1289,4773,2190,2583
55137,Wisconsin,Waushara County,2330,1175,1155,3530,1787,1743,3654,2125,1529,6421,3469,2952,4219,2201,2018,1668,857,811,2507,1175,1332
55139,Wisconsin,Winnebago County,18942,9726,9216,35706,17954,17752,33961,18154,15807,42543,21948,20595,20662,10131,10531,7389,3470,3919,12492,5163,7329
55141,Wisconsin,Wood County,8353,4333,4020,12454,6276,6178,12329,6284,6045,18283,9138,9145,10378,5041,5337,3911,1872,2039,6912,2939,3973
56001,Wyoming,Albany County,3474,1802,1672,13309,6929,6380,8390,4662,3728,6863,3541,3322,3832,1910,1922,1345,672,673,1792,786,1006
56003,Wyoming,Big Horn County,1453,762,691,2232,1138,1094,1872,953,919,2702,1361,1341,1642,822,820,652,335,317,1089,496,593
56005,Wyoming,Campbell County,6693,3362,3331,9628,4975,4653,10426,5401,5025,11332,5788,5544,5528,2916,2612,1441,721,720,1609,683,926
56007,Wyoming,Carbon County,1823,947,876,2613,1443,1170,3064,1742,1322,3523,1891,1632,1989,1042,947,720,387,333,1037,491,546
56009,Wyoming,Converse County,1829,938,891,2507,1266,1241,2620,1346,1274,3407,1752,1655,1876,992,884,646,332,314,964,433,531
56011,Wyoming,Crook County,1058,508,550,1230,621,609,1163,600,563,1811,909,902,1263,642,621,429,219,210,646,304,342
56013,Wyoming,Fremont County,5332,2813,2519,7634,3967,3667,6940,3472,3468,8942,4535,4407,5478,2676,2802,2051,996,1055,3026,1383,1643
56015,Wyoming,Goshen County,1366,723,643,2434,1284,1150,2289,1283,1006,3088,1735,1353,1892,961,931,755,379,376,1425,601,824
56017,Wyoming,Hot Springs County,497,267,230,699,356,343,630,326,304,1000,510,490,746,345,401,321,162,159,528,245,283
56019,Wyoming,Johnson County,895,456,439,1412,755,657,1317,653,664,2003,973,1030,1413,697,716,637,345,292,914,455,459
56021,Wyoming,Laramie County,12468,6469,5999,19343,10229,9114,21681,11316,10365,23495,11975,11520,12012,5809,6203,4614,2219,2395,6845,3008,3837
56023,Wyoming,Lincoln County,2698,1393,1305,3879,2036,1843,3202,1596,1606,4991,2557,2434,3023,1521,1502,1077,552,525,1316,635,681
56025,Wyoming,Natrona County,10476,5386,5090,15038,7827,7211,17345,8938,8407,19119,9654,9465,10186,5114,5072,3391,1682,1709,5013,2050,2963
56027,Wyoming,Niobrara County,253,118,135,329,166,163,446,164,282,527,225,302,356,175,181,120,67,53,263,137,126
56029,Wyoming,Park County,3181,1633,1548,4795,2485,2310,4951,2480,2471,6687,3293,3394,4749,2321,2428,1945,988,957,2990,1369,1621
56031,Wyoming,Platte County,956,488,468,1312,664,648,1331,692,639,2004,1006,998,1336,672,664,603,306,297,1003,475,528
56033,Wyoming,Sheridan County,3291,1714,1577,5509,2810,2699,5440,2767,2673,7397,3733,3664,4709,2290,2419,1773,925,848,2677,1194,1483
56035,Wyoming,Sublette County,1069,564,505,1665,908,757,1691,902,789,2599,1404,1195,1419,763,656,594,328,266,815,429,386
56037,Wyoming,Sweetwater County,5630,2937,2693,9022,4661,4361,9003,4677,4326,10416,5426,4990,5103,2667,2436,1555,800,755,1988,891,1097
56039,Wyoming,Teton County,2246,1128,1118,3441,1758,1683,5878,3119,2759,6442,3404,3038,2931,1509,1422,1115,593,522,1400,651,749
56041,Wyoming,Uinta County,2916,1508,1408,4214,2167,2047,3746,1850,1896,4741,2392,2349,2677,1389,1288,832,408,424,1043,498,545
56043,Wyoming,Washakie County,817,435,382,1418,744,674,1245,645,600,1888,971,917,1139,574,565,434,212,222,815,374,441
56045,Wyoming,Weston County,723,347,376,1036,565,471,1243,671,572,1686,937,749,1094,579,515,360,189,171,610,263,347
